 18.2738
 6.99474
 3.17498
-7.83001
 18.2775
 7.00043
 3.18948
-7.84868
 18.2715
  6.9989
 3.18009
-7.83636
 18.2791
 7.00341
 3.18916
-7.85083
 18.2835
 7.00036
 3.17562
-7.83752
 18.2765
 7.00123
 3.18275
-7.83882
 18.2821
 7.00031
 3.18349
-7.84447
   18.28
 6.99752
 3.18742
-7.84365
 18.2783
 7.00345
 3.17933
-7.84298
 18.2792
 6.99638
   3.178
-7.83519
 18.2853
 7.00068
 3.17906
-7.84635
 18.2762
 6.99535
 3.18409
-7.83646
 18.2874
 7.00499
 3.18492
-7.85399
 18.2764
 6.99038
 3.18183
-7.82987
 18.2743
 6.99238
 3.18306
-7.83109
 18.2859
 7.00737
 3.18261
-7.85111
 18.2863
  6.9953
 3.17832
-7.83992
 18.2938
 7.00392
  3.1767
-7.85671
 18.2904
 7.01152
 3.18629
-7.86118
 18.2897
 7.00652
 3.18673
-7.85572
 18.2766
 6.98621
 3.18234
-7.82577
18.2793
6.99471
 3.1796
-7.8346
 18.2937
 7.00501
 3.18229
-7.85757
 18.2847
 6.99602
 3.17969
-7.84231
 18.2979
 7.00928
 3.18659
-7.86525
 18.2926
 7.00642
  3.1835
-7.85674
 18.2777
 6.99293
  3.1845
-7.82873
 18.2912
 7.00209
  3.1912
-7.85737
 18.2913
 7.00428
 3.19135
-7.85996
 18.2858
 6.99087
  3.1763
-7.83186
 18.2941
 7.00373
 3.18845
-7.85912
 18.2856
 6.99955
 3.17908
-7.83694
 18.2796
 6.99832
 3.17932
-7.83435
 18.2875
 6.99834
 3.18016
-7.84299
 18.2898
 7.00534
 3.19041
-7.85344
 18.2902
 7.00262
 3.18462
-7.84468
 18.2931
 6.99785
 3.18658
-7.84711
 18.2963
 6.99889
 3.18728
-7.84884
 18.2907
 6.99783
 3.18519
-7.84483
 18.2907
 6.99783
 3.18519
-7.84483
 18.2907
 6.99783
 3.18519
-7.84483
 18.2907
 6.99783
 3.18519
-7.84483
 18.2907
 6.99783
 3.18519
-7.84483
 18.2907
 6.99783
 3.18519
-7.84483
 18.2907
 6.99783
 3.18519
-7.84483
 18.2907
 6.99783
 3.18519
-7.84483
 18.2907
 6.99783
 3.18519
-7.84483
 18.2855
 6.99523
 3.17918
-7.83049
 18.2964
 6.99669
 3.17591
-7.83913
 18.2896
 6.99873
 3.17622
-7.83992
18.2882
7.00234
3.18859
-7.8451
 18.2861
 6.99342
 3.18846
-7.83362
 18.3053
 7.00226
 3.18366
-7.85715
 18.2851
 6.98761
 3.18813
-7.82524
 18.2937
 7.01086
 3.19622
-7.85677
 18.2878
 6.99889
 3.18708
-7.83304
 18.3036
 7.01142
 3.18464
-7.85937
 18.2873
 7.00296
 3.18326
-7.83043
 18.3008
 7.01127
 3.18663
-7.85396
18.2838
6.99852
3.18199
-7.8247
  18.298
 7.00712
 3.19326
-7.85423
 18.2947
 7.00141
 3.19054
-7.84227
 18.2981
 7.00299
 3.18032
-7.84286
 18.3007
 7.00662
  3.1929
-7.85267
 18.3052
 7.00292
 3.19235
-7.85344
 18.2912
 7.00324
  3.1821
-7.83436
 18.2872
 7.00185
 3.18397
-7.83081
  18.294
 7.00575
 3.18927
-7.84134
 18.2982
 7.00644
  3.1827
-7.83901
 18.2985
 7.01263
  3.1816
-7.84083
18.3008
7.00884
3.19317
 -7.848
 18.2983
 7.00306
 3.18842
-7.84074
 18.3008
 7.00719
 3.19192
-7.84754
  18.301
 7.01086
 3.18562
-7.84502
  18.292
 7.00338
 3.18996
-7.83332
 18.3027
 7.02008
 3.18635
-7.85048
  18.295
 7.00657
 3.18798
-7.83538
 18.3079
 7.01733
 3.18173
-7.85392
 18.2957
 7.00552
 3.18831
-7.83622
 18.3067
 7.01055
 3.18901
-7.85046
 18.2948
 6.99967
 3.19252
-7.83093
 18.3025
  7.0151
 3.19352
-7.84571
18.3051
7.01082
3.18969
-7.8452
 18.3026
  7.0122
 3.18774
-7.84596
  18.312
 7.02061
 3.19243
-7.85992
 18.3054
  7.0224
 3.19313
-7.85579
18.3036
7.01159
3.18813
-7.8444
 18.3027
 7.01591
 3.19569
-7.84607
 18.3122
 7.01351
 3.18898
-7.84803
 18.3092
 7.01737
  3.1914
-7.85183
 18.3025
  7.0111
 3.19271
-7.83894
 18.3147
 7.01746
 3.19493
-7.86033
 18.3114
 7.01364
 3.19267
-7.85551
 18.2984
 7.01375
 3.19687
-7.83781
 18.3074
  7.0139
 3.19615
-7.84622
 18.3079
 7.01386
 3.18517
-7.84185
 18.3051
 7.01509
 3.17999
-7.83514
 18.3131
 7.02074
 3.19338
-7.85255
  18.304
 7.01214
 3.18132
-7.83401
 18.3075
  7.0129
  3.1986
-7.84923
   18.31
 7.01355
 3.19839
-7.84988
 18.3081
 7.01503
 3.20231
-7.85372
 18.3095
 7.01662
 3.19006
-7.84246
 18.3108
 7.01685
 3.19118
-7.84639
18.3073
7.01156
3.19081
-7.8415
  18.307
 7.01468
  3.1879
-7.83979
 18.3199
 7.01558
 3.18254
-7.84799
 18.3036
 7.00599
 3.19496
-7.83361
 18.3134
 7.02413
 3.19535
-7.85286
 18.3086
 7.01012
 3.19709
-7.84039
 18.3144
 7.01112
 3.19654
-7.84686
 18.3125
 7.02538
 3.19597
-7.85343
 18.3112
 7.02067
 3.19393
-7.84908
 18.3079
 7.00743
 3.18839
-7.83222
 18.3079
  7.0227
 3.19891
-7.84955
18.3083
7.02447
3.19513
-7.8477
 18.3137
 7.01255
 3.18785
-7.83852
 18.3031
 7.00903
 3.19127
-7.82806
 18.3167
 7.02676
  3.1981
-7.85298
 18.3154
 7.02075
 3.19303
-7.83401
 18.2929
 7.00665
 3.19075
-7.83559
 18.3084
 7.01618
 3.19691
-7.83493
 18.3155
 7.02316
 3.20886
-7.86164
 18.3036
 7.01738
 3.19956
-7.82809
 18.3134
 7.02108
 3.20426
-7.83455
 18.3039
 7.00675
 3.18672
-7.82897
 18.3058
 7.01944
 3.19445
-7.83125
 18.3126
 7.02169
 3.19028
-7.84207
 18.3055
 7.00876
 3.18872
-7.82703
 18.3047
 7.01902
  3.1871
-7.83516
 18.3065
 7.02189
 3.20155
-7.83198
 18.3155
 7.01322
 3.19568
-7.84038
 18.3106
 7.00961
 3.19307
-7.83426
 18.3116
 7.02486
 3.19349
-7.83761
 18.3104
 7.02337
 3.20405
-7.84597
 18.3144
 7.02184
 3.19481
-7.83297
 18.3104
 7.02078
 3.19942
-7.83287
 18.3002
  7.0124
 3.20028
-7.82449
 18.3074
 7.02561
 3.19927
-7.83762
 18.3113
 7.01412
 3.18965
-7.82287
 18.3076
 7.01664
  3.2006
-7.83399
 18.3086
 7.02417
 3.20919
-7.84066
 18.3177
 7.02001
 3.19568
-7.83502
18.3055
7.01398
3.19927
-7.8318
 18.3014
 7.02117
 3.20165
-7.82991
 18.3229
 7.02793
 3.19121
-7.84451
 18.3083
 7.01259
 3.19097
-7.81591
 18.3012
 7.01614
  3.1974
-7.81913
 18.3242
 7.02505
  3.1949
-7.84921
 18.3242
 7.02505
  3.1949
-7.84921
 18.3242
 7.02505
  3.1949
-7.84921
 18.3242
 7.02505
  3.1949
-7.84921
 18.3242
 7.02505
  3.1949
-7.84921
 18.3242
 7.02505
  3.1949
-7.84921
 18.3242
 7.02505
  3.1949
-7.84921
 18.3242
 7.02505
  3.1949
-7.84921
 18.3242
 7.02505
  3.1949
-7.84921
 18.3242
 7.02505
  3.1949
-7.84921
 18.3027
 7.00078
 3.19276
-7.80743
 18.3068
 7.01746
 3.19925
-7.82579
 18.3123
 7.01721
 3.19556
-7.83218
 18.3142
 7.02006
 3.19741
-7.83912
 18.3106
 7.02047
 3.19513
-7.82651
 18.3089
  7.0214
 3.20667
-7.83627
 18.3096
 7.01993
  3.1909
-7.82365
 18.3091
 7.01934
 3.19413
-7.82582
 18.3121
 7.02156
 3.20226
-7.83891
 18.3102
 7.01735
 3.19138
-7.82591
 18.3108
 7.02306
 3.19634
-7.83027
 18.3105
 7.01732
 3.20442
-7.83303
 18.3066
 7.01799
 3.20699
-7.83291
 18.3082
 7.01652
 3.19704
-7.82335
 18.3187
 7.02265
 3.19375
-7.83664
 18.3103
 7.01817
 3.19968
-7.83334
 18.3093
 7.02648
 3.20123
-7.83246
 18.3131
 7.02567
 3.19973
-7.83363
 18.3027
 7.00807
 3.19973
-7.81519
 18.3053
 7.01238
  3.1972
-7.81964
 18.3178
 7.02276
 3.19648
-7.83805
 18.3155
  7.0277
 3.19438
-7.83859
 18.3048
  7.0222
  3.1995
-7.82234
18.3237
7.02865
3.19453
-7.8441
 18.3177
 7.01897
 3.19342
-7.83751
18.3044
 7.0156
3.20297
 -7.819
 18.3147
 7.01906
 3.20347
-7.83339
18.3252
7.01941
 3.1971
-7.8435
 18.3108
 7.00801
  3.1973
-7.81743
 18.3185
  7.0252
 3.20346
-7.84391
 18.309
7.01291
3.19375
-7.8192
 18.3007
 7.02164
 3.20117
-7.82089
 18.3147
 7.02738
 3.20341
-7.84224
 18.3108
 7.02724
 3.20361
-7.83832
 18.3067
 7.01958
 3.19246
-7.81764
  18.313
 7.01701
 3.19522
-7.82164
 18.3158
 7.01496
 3.18903
-7.82652
 18.3072
 7.01862
 3.19109
-7.82376
 18.3126
 7.01996
 3.20152
-7.83235
 18.3163
 7.01122
  3.1876
-7.81986
 18.3093
 7.01697
 3.19594
-7.82282
   18.31
 7.01666
   3.203
-7.82899
 18.3124
  7.0043
 3.20399
-7.82407
 18.3147
 7.00987
 3.20093
-7.82396
  18.307
 7.00959
 3.21135
-7.82885
 18.3132
 7.01634
 3.19478
-7.82799
 18.3047
 7.02226
 3.19479
-7.82176
 18.2903
 7.02452
 3.19611
-7.81079
 18.2782
 7.00324
 3.18981
-7.78367
 18.2892
 7.00901
 3.19301
-7.79515
18.3325
7.02022
3.20041
-7.8499
 18.3509
 7.01587
 3.22187
-7.88731
 18.3323
 7.01557
 3.23171
-7.87791
 18.3399
 7.03431
 3.22927
-7.90293
  18.315
 7.01415
 3.21944
-7.86303
 18.3049
 7.02349
 3.23016
-7.86632
 18.2886
   7.014
 3.22902
-7.83987
  18.252
 7.01388
 3.22332
-7.80951
 18.2445
 7.02789
 3.20598
-7.79522
 18.2706
 7.03874
 3.18927
-7.81819
 18.3042
 7.04241
 3.16518
-7.83577
 18.3043
 7.04195
 3.18092
-7.83788
 18.3061
 7.02495
 3.20888
-7.84677
 18.3101
 7.00206
 3.22474
-7.85325
 18.2916
 6.98431
 3.24642
-7.83523
 18.2891
 6.99055
  3.2593
-7.85311
 18.2964
 6.99577
 3.24726
-7.86707
 18.2903
 7.01661
 3.24138
-7.87289
 18.2832
 7.03368
 3.24198
-7.88627
 18.2709
 7.04177
 3.24954
-7.90432
18.2532
7.04381
3.24765
-7.8869
  18.233
 7.04382
 3.26061
-7.88062
 18.2285
 7.03192
 3.26718
-7.87395
 18.2366
 7.03026
 3.26504
-7.86881
 18.2625
 7.02562
 3.26973
-7.88803
 18.2796
 7.02561
 3.27102
-7.91421
 18.2899
 7.04551
 3.30994
-7.98755
 18.2901
 7.07626
 3.33542
-8.06799
 18.2468
 7.12217
 3.35877
-8.09818
 18.2065
 7.18534
 3.33671
-8.13024
 18.1947
  7.2469
 3.30371
-8.17056
 18.1496
 7.31425
 3.27213
-8.18531
 18.1159
 7.35228
 3.24953
-8.17653
 18.1128
 7.40321
 3.15333
-8.17937
 18.1128
 7.42748
 3.10582
-8.15467
 18.1119
 7.44491
 3.04531
-8.10766
 18.1202
 7.47152
 2.95403
-8.12467
 18.0998
  7.4832
 2.87143
-8.08144
 18.0517
 7.50216
  2.7841
-7.98963
 18.0563
 7.51693
  2.6709
-7.92488
 18.0358
 7.51219
  2.5372
-7.81715
 18.0303
 7.48646
 2.42101
-7.65733
 18.0652
 7.47284
 2.35059
-7.60188
 18.1736
 7.36783
   2.156
-7.45209
 18.1988
 7.30772
 2.10005
-7.37441
 18.3208
 7.18498
 1.97199
-7.25694
 18.3645
 7.13094
 1.92263
-7.23535
 18.4345
 7.04391
 1.82155
-7.09901
 18.4391
 7.00483
 1.79384
-7.08354
18.4452
6.96358
1.73954
-7.0218
18.4848
6.87964
 1.6723
-6.9163
 18.5476
 6.75958
 1.59195
-6.77741
 18.5694
 6.70972
 1.55328
-6.72915
 18.5694
 6.70972
 1.55328
-6.72915
 18.5694
 6.70972
 1.55328
-6.72915
 18.5694
 6.70972
 1.55328
-6.72915
 18.5694
 6.70972
 1.55328
-6.72915
 18.5694
 6.70972
 1.55328
-6.72915
 18.5694
 6.70972
 1.55328
-6.72915
 18.5694
 6.70972
 1.55328
-6.72915
 18.5694
 6.70972
 1.55328
-6.72915
 18.4533
 5.73369
 1.77592
-6.19018
 18.4308
 5.71653
 1.82446
-6.20136
 18.3127
 5.66932
 1.89464
-6.17445
 18.2536
 5.65426
 1.95213
-6.21256
 18.1027
 5.61711
 2.02289
-6.16977
 18.0193
 5.62361
 2.09686
-6.17356
17.8725
5.59346
2.15885
-6.1375
 17.7497
 5.56994
 2.20377
-6.10415
 17.645
5.52604
2.19861
-6.1173
17.5577
5.51911
2.25378
-6.0835
 17.4839
 5.50277
 2.26474
-6.07047
 17.3244
 5.47966
 2.29871
-6.08434
  17.247
 5.50386
 2.34346
-6.08105
 17.1073
   5.504
 2.34031
-6.07707
 17.1005
 5.53329
 2.34144
-6.10287
 17.0206
 5.51898
 2.32353
-6.07377
 16.9769
 5.53077
 2.30107
-6.08764
 16.9647
 5.52435
 2.27839
-6.12037
 16.9573
 5.48667
 2.27875
-6.16326
16.9401
5.45226
2.28328
-6.1911
 16.9513
 5.44028
 2.28839
-6.26917
 16.9548
 5.42108
  2.2962
-6.33913
16.9629
5.44767
  2.371
-6.4549
  16.911
 5.44748
  2.3994
-6.55218
 16.8542
 5.50679
 2.50966
-6.67569
 16.7568
 5.53101
 2.54354
-6.76963
 16.6892
 5.54463
 2.59107
-6.83079
16.5635
5.60776
2.66807
-6.9274
 16.5241
 5.62634
  2.6673
-6.96479
 16.3972
  5.6716
 2.70929
-7.06313
 16.3168
 5.71377
 2.77758
-7.10411
 16.2354
 5.76146
 2.83145
-7.13467
16.1617
5.76692
2.84221
-7.2049
  16.018
 5.85696
 2.93585
-7.26192
 15.9826
 5.84184
 2.88723
-7.29462
 15.8279
 5.90397
 2.93483
-7.33905
 15.6926
 5.95527
 2.94697
-7.35295
 15.6413
 5.96333
 2.92369
-7.34448
 15.5597
 6.00011
 2.91996
-7.36876
  15.501
  6.0011
 2.91268
-7.37647
 15.4325
 6.00267
 2.91055
-7.36143
 15.3796
 5.99969
 2.90125
-7.36779
 15.3034
 5.97319
 2.87217
-7.38584
15.2412
5.95966
2.87388
-7.3114
 15.1844
 5.93467
 2.84502
-7.27301
 15.1585
 5.89527
 2.80763
-7.25098
15.0983
5.85242
2.78245
-7.1827
 15.0818
   5.832
 2.77657
-7.13654
 15.0344
 5.79039
 2.71915
-7.14456
 14.9965
 5.73444
  2.6525
-7.10501
 14.9999
 5.72558
 2.64207
-7.08708
 15.0407
 5.68159
   2.577
-7.00966
  15.054
 5.60526
 2.50205
-6.99056
 15.0702
 5.57933
 2.48002
-7.00702
 15.1468
 5.50562
 2.44052
-7.02363
  15.198
 5.46962
 2.41014
-7.04995
 15.2657
 5.45438
 2.40808
-7.14463
 15.2999
 5.43481
 2.41366
-7.21796
   15.36
 5.44294
 2.41435
-7.28579
 15.3984
  5.4319
 2.38713
-7.36775
 15.4101
 5.41637
 2.39073
-7.40795
 15.4757
  5.4116
 2.37863
-7.48774
 15.5425
 5.39787
 2.36662
-7.56609
 15.5995
 5.36705
 2.37057
-7.66138
15.6313
 5.3395
2.37959
-7.7129
 15.6875
 5.32271
  2.3963
-7.81456
 15.7134
 5.29935
 2.41922
-7.84115
 15.7122
 5.26689
 2.47415
-7.93783
 15.7422
 5.28404
 2.49885
-8.01322
 15.7364
 5.26956
 2.53264
-8.07875
  15.717
 5.26554
 2.57399
-8.09978
 15.7257
 5.24879
  2.5721
-8.17045
 15.7057
 5.22364
 2.60744
-8.25725
 15.6746
 5.22034
 2.64428
-8.26237
 15.6661
 5.21701
 2.66465
-8.32112
 15.6417
  5.2003
 2.67305
-8.38488
 15.5954
   5.206
   2.706
-8.37973
 15.5473
 5.20073
 2.70955
-8.41952
 15.5242
   5.239
 2.72174
-8.44974
 15.4853
 5.25415
 2.71354
-8.46996
  15.464
 5.27222
 2.70215
-8.49503
 15.4612
 5.31793
 2.68629
-8.54413
 15.4308
 5.37529
 2.65851
-8.56047
 15.3945
 5.44351
 2.64414
-8.58048
 15.3767
 5.47538
 2.61396
-8.59805
  15.356
 5.51103
 2.56435
-8.57247
 15.3349
 5.53092
 2.54087
-8.54838
  15.316
 5.54342
 2.50128
-8.53141
 15.3155
 5.55961
 2.46799
-8.51334
 15.3128
 5.59785
 2.40906
-8.50261
 15.3133
 5.63437
 2.38103
-8.51251
 15.3387
 5.67389
 2.32303
-8.51311
 15.3609
 5.71138
 2.28426
-8.53482
 15.3722
 5.72536
 2.26137
-8.54504
 15.4045
 5.72537
  2.2221
-8.54833
 15.4417
 5.73659
 2.20603
-8.58224
 15.4361
 5.74431
 2.21811
-8.60039
 15.4301
 5.77043
 2.20836
-8.61305
 15.4508
 5.81233
 2.19557
-8.66629
 15.4761
 5.84031
 2.17957
-8.69892
15.4768
5.82935
2.19869
-8.6803
 15.5035
 5.84197
 2.19568
-8.71862
 15.5035
 5.84197
 2.19568
-8.71862
 15.5035
 5.84197
 2.19568
-8.71862
 15.5035
 5.84197
 2.19568
-8.71862
 15.5035
 5.84197
 2.19568
-8.71862
 15.5035
 5.84197
 2.19568
-8.71862
 15.5035
 5.84197
 2.19568
-8.71862
 15.5035
 5.84197
 2.19568
-8.71862
 15.5035
 5.84197
 2.19568
-8.71862
 15.5095
 5.83344
 2.18807
-8.70819
 15.5014
 5.83744
 2.19805
-8.71685
   15.49
 6.14865
 2.47512
-9.20751
 15.4844
 6.19371
 2.49995
-9.26287
 15.4815
 6.21477
  2.5329
-9.28908
 15.4903
  6.2288
 2.53962
-9.29408
 15.4852
  6.2381
 2.56122
-9.30456
 15.4996
 6.23947
 2.55736
-9.31752
 15.5461
 6.26433
  2.5716
-9.34903
 15.5603
 6.26468
 2.57901
-9.37222
 15.5882
 6.27043
 2.58955
-9.39915
 15.6258
 6.27872
 2.59298
-9.40162
 15.6276
 6.26793
 2.61985
-9.41977
 15.6241
 6.27155
 2.66649
-9.42943
 15.6458
 6.26677
 2.66178
-9.44073
 15.6602
 6.27567
 2.66159
-9.45045
 15.6944
  6.2718
 2.67218
-9.47521
 15.7156
 6.26469
 2.67202
-9.48785
  15.735
  6.2602
 2.66088
-9.48738
 15.7359
 6.25182
  2.6833
-9.48404
   15.74
 6.23302
 2.66175
-9.43562
  15.755
 6.23578
 2.64856
-9.43898
 15.7758
 6.21619
 2.64729
-9.40291
 15.7634
 6.18273
 2.64644
-9.34518
 15.7838
 6.17145
 2.62722
-9.33127
15.7701
6.15455
2.62469
-9.2974
 15.7549
 6.15496
 2.62475
-9.26548
 15.7441
  6.1307
 2.59252
-9.18899
 15.7639
 6.12119
 2.57294
-9.16188
  15.757
 6.08618
 2.54234
-9.08413
 15.7883
 6.03806
 2.50545
-9.01737
 15.8268
 6.02266
 2.49665
-9.02699
15.8206
5.99578
2.48425
-8.9689
 15.8348
 5.97472
 2.46834
-8.94721
  15.863
 5.96779
 2.45854
-8.94359
 15.8825
 5.94028
 2.43456
-8.90718
 15.8938
 5.91641
 2.42785
-8.87803
 15.9372
  5.8971
 2.42238
-8.88764
 15.9681
 5.87637
  2.4014
-8.87402
 15.9917
 5.85659
 2.40231
-8.87521
 16.0215
 5.85255
 2.40171
-8.89944
 16.0665
 5.85396
 2.38621
-8.91561
  16.098
 5.86786
 2.36482
-8.93838
 16.1297
 5.87345
 2.36599
-8.96058
16.1693
5.88627
2.34743
  -8.98
  16.215
 5.90244
 2.32591
-9.01268
 16.2537
 5.92133
 2.32532
-9.05465
 16.3163
 5.93207
 2.29625
-9.09663
  16.346
 5.94664
 2.26585
-9.09634
  16.382
 5.95247
 2.26361
-9.11895
 16.4201
 5.95208
 2.22606
-9.11592
  16.483
 5.96615
  2.1782
-9.13303
16.5207
5.98229
2.15592
 -9.142
 16.5683
 5.98307
 2.10716
-9.12743
 16.6321
 5.99301
 2.06313
-9.15286
 16.7153
 6.01518
 2.02458
-9.18343
 16.7655
 6.00405
  1.9822
-9.15941
16.8605
6.00393
1.92426
-9.1856
 16.9241
 5.99916
 1.89399
-9.18787
 16.9674
 5.96457
 1.85379
-9.14971
 17.0475
 5.93841
 1.80003
-9.13451
   17.13
 5.90272
 1.75481
-9.12936
 17.1898
 5.86407
 1.71355
-9.09264
17.3182
5.79609
1.65411
-9.0824
17.3968
5.75408
1.61786
-9.0854
 17.4394
 5.73557
 1.60345
-9.08996
17.4991
5.68158
1.57679
-9.0731
 17.5869
 5.64974
 1.56066
-9.10506
 17.6982
  5.5781
 1.52809
-9.10242
 17.7219
 5.54902
 1.50564
-9.07533
 17.7968
 5.50565
 1.49815
-9.08776
 17.8654
 5.45923
 1.46737
-9.06459
 17.9164
 5.39813
 1.46833
-9.05046
 17.9883
 5.31432
 1.47011
-9.03206
 18.0176
 5.28537
 1.48143
-9.02952
 18.0544
 5.24358
 1.47385
-9.02195
 18.0769
 5.20718
 1.50019
-9.03293
 18.1081
 5.17665
 1.49679
-9.03244
 18.1374
 5.15871
 1.49185
-9.04294
 18.1274
 5.13695
 1.52458
-9.03334
 18.1141
  5.1007
 1.54005
-8.99623
 18.1105
 5.08826
 1.52474
-8.96355
 18.0954
 5.07286
 1.53216
-8.93937
 18.0746
 5.04734
 1.52786
-8.87691
  18.08
5.03985
  1.518
-8.8629
 18.0539
  5.0335
 1.51068
-8.82534
 18.0221
 5.03855
 1.52486
-8.81022
 18.0169
  5.0491
 1.49115
-8.79089
 17.9966
 5.06974
 1.48221
-8.77366
 17.9608
 5.06885
 1.45157
-8.70102
 17.9696
 5.07149
 1.41198
-8.66995
 17.9779
 5.05769
 1.37721
-8.62303
17.9818
5.02075
 1.3363
-8.5434
 17.9575
 4.98837
 1.31294
-8.48675
 17.9791
 4.98153
 1.29053
-8.48469
  17.962
 4.95771
 1.26684
-8.42792
 17.9586
 4.93715
 1.24332
-8.39937
 17.9683
 4.93587
 1.23119
-8.39316
 17.9608
 4.92911
 1.21941
-8.37442
  17.941
  4.9176
 1.19975
-8.34233
 17.9449
 4.91358
 1.18916
-8.34165
 17.9481
  4.9088
 1.15332
-8.30121
 17.9417
 4.89608
 1.11765
-8.26595
 17.9445
 4.89721
 1.12074
-8.27308
 17.9445
 4.89721
 1.12074
-8.27308
 17.9445
 4.89721
 1.12074
-8.27308
 17.9445
 4.89721
 1.12074
-8.27308
 17.9445
 4.89721
 1.12074
-8.27308
 17.9445
 4.89721
 1.12074
-8.27308
 17.9445
 4.89721
 1.12074
-8.27308
 17.9445
 4.89721
 1.12074
-8.27308
 17.9445
 4.89721
 1.12074
-8.27308
 17.9319
 4.89678
 1.12801
-8.26781
  17.758
 5.00199
 1.13033
-8.20694
 17.6661
 5.03995
 1.17772
-8.22488
17.6515
5.06256
1.17539
-8.2205
 17.6056
 5.05888
 1.19458
-8.18889
 17.5722
 5.07716
 1.17724
-8.16357
 17.5269
 5.09272
 1.20008
-8.14725
17.4802
5.10858
1.19424
 -8.115
  17.434
 5.10311
 1.20093
-8.06514
 17.4443
 5.12219
 1.19714
-8.07108
 17.4154
 5.12658
  1.2144
-8.04908
 17.4222
 5.13043
  1.2112
-8.05852
 17.4408
 5.11949
 1.21093
-8.06153
 17.4577
  5.1201
  1.2192
-8.05285
 17.4666
 5.09832
 1.22349
-8.04746
17.4964
 5.0891
1.24195
-8.0716
 17.4936
 5.06869
 1.26235
-8.05251
  17.501
 5.05162
 1.27996
-8.06054
  17.533
 5.03789
 1.29428
-8.08311
 17.5512
 4.99582
 1.32022
-8.08408
 17.5539
 4.98814
 1.31659
-8.06128
 17.5841
 4.96313
 1.34126
-8.07979
  17.609
  4.9481
 1.34109
-8.07212
 17.6148
 4.93088
 1.34128
-8.05284
 17.6358
 4.92358
 1.34639
-8.05282
 17.6675
 4.89764
  1.3664
-8.05392
 17.7007
 4.86749
 1.36014
-8.03619
 17.7342
 4.84679
 1.35708
-8.02519
 17.7548
 4.84665
 1.34118
-8.00966
 17.7997
  4.8241
  1.3288
-8.00189
 17.8283
 4.81608
 1.32276
-7.98662
  17.864
 4.79892
 1.28989
-7.96686
  17.914
 4.79753
 1.26972
-7.94427
 17.9848
 4.78351
 1.23727
-7.92916
 17.9857
 4.77781
 1.24009
-7.90701
18.0406
4.77344
1.19478
-7.8962
 18.0667
 4.77291
  1.1931
-7.89205
 18.0781
 4.76298
 1.16844
-7.84906
 18.1007
 4.75909
 1.15024
-7.84501
 18.1399
  4.7628
  1.0925
-7.79863
 18.1813
 4.75932
 1.05987
-7.78676
 18.1998
 4.73592
 1.01266
-7.72936
 18.2511
 4.74163
0.996691
 -7.7524
 18.2782
 4.72087
0.965902
-7.71299
 18.3419
 4.69674
0.919643
-7.71138
 18.4097
 4.67273
0.890377
-7.72102
 18.4758
 4.67263
0.880618
-7.76468
 18.4914
 4.64119
0.865214
-7.73918
  18.528
 4.63445
0.871916
-7.76459
 18.5727
 4.62428
0.863698
-7.77269
 18.6042
 4.60261
0.848217
-7.76524
 18.6477
 4.58691
 0.85662
-7.78517
 18.6766
 4.58238
0.860816
-7.81326
 18.7162
 4.58256
0.856241
-7.82247
 18.7263
 4.58131
0.875446
-7.83298
 18.7601
 4.58629
0.884173
-7.86275
 18.7718
 4.58259
0.895376
-7.87683
 18.7889
 4.58841
0.913444
-7.91928
 18.7832
 4.60536
0.956943
-7.95042
  18.789
 4.61674
0.948116
-7.95496
 18.7656
 4.64141
0.983079
-7.97917
  18.747
 4.66286
 1.00239
-7.98664
 18.7287
  4.6996
0.991757
-7.99733
 18.7094
 4.73099
 1.01395
-7.99983
 18.6679
 4.76568
 1.01801
-8.00001
 18.6571
 4.78388
 1.01154
-7.97725
 18.6292
 4.83253
 1.00936
-7.97881
 18.5838
 4.84983
 1.01185
-7.94277
 18.5671
 4.87643
0.978294
-7.91192
 18.5448
 4.89517
0.965535
-7.89625
 18.5168
 4.90969
0.949643
-7.82634
 18.5144
 4.91251
0.904658
-7.77616
 18.5087
 4.92125
0.893648
-7.74581
 18.4707
 4.92162
0.848486
-7.65909
 18.4426
 4.91611
0.845604
-7.59295
 18.4406
   4.931
0.823702
-7.55223
 18.4207
  4.9321
0.801576
-7.48075
 18.4053
 4.91593
0.763633
-7.39757
 18.4119
 4.90001
0.707278
 -7.3254
 18.4459
 4.90825
0.700519
 -7.3119
 18.4654
 4.87616
0.660298
-7.25241
 18.4707
 4.85467
0.642117
-7.18346
 18.4957
 4.85671
0.642825
-7.18594
 18.5071
 4.83003
0.631252
-7.15264
 18.5418
 4.81747
0.635239
-7.16696
 18.5992
 4.80428
0.630183
-7.19258
 18.6295
 4.79809
0.617275
-7.20477
 18.6514
 4.78896
0.633577
 -7.2347
 18.7105
 4.78094
 0.64749
-7.28863
  18.758
 4.78629
 0.65582
-7.35267
 18.7794
 4.78803
0.682859
-7.39832
 18.8249
 4.80185
0.699217
-7.46749
 18.8835
 4.82904
0.711052
-7.56422
 18.9296
  4.8671
0.743063
-7.67241
 18.9599
 4.89233
0.775779
-7.76547
 19.0259
 4.92996
0.781742
-7.87031
 19.0966
 4.97215
0.810072
-8.01938
 19.1116
  4.9905
0.845094
 -8.0643
 19.1754
 5.03426
0.869589
-8.20362
 19.2139
  5.0659
 0.87107
-8.25444
 19.2474
 5.08931
0.910588
 -8.3416
 19.3011
 5.11323
0.912005
-8.42025
 19.3011
 5.11323
0.912005
-8.42025
 19.3011
 5.11323
0.912005
-8.42025
 19.3011
 5.11323
0.912005
-8.42025
 19.3011
 5.11323
0.912005
-8.42025
 19.3011
 5.11323
0.912005
-8.42025
 19.3011
 5.11323
0.912005
-8.42025
 19.3011
 5.11323
0.912005
-8.42025
 19.3011
 5.11323
0.912005
-8.42025
 19.3011
 5.11323
0.912005
-8.42025
 19.2786
 5.11075
0.932186
-8.41582
 19.3176
 5.15106
0.951023
-8.49604
 19.3092
 5.16819
0.984463
-8.54214
 19.3092
 5.16819
0.984463
-8.54214
 19.3092
 5.16819
0.984463
-8.54214
 19.3092
 5.16819
0.984463
-8.54214
 19.3092
 5.16819
0.984463
-8.54214
 19.3092
 5.16819
0.984463
-8.54214
 19.3092
 5.16819
0.984463
-8.54214
 19.3092
 5.16819
0.984463
-8.54214
 19.3092
 5.16819
0.984463
-8.54214
 19.3649
 5.34959
 1.03387
-8.69883
 19.2802
 5.45357
0.941085
 -8.4674
 19.2633
 5.47125
0.953046
-8.45507
 19.2542
 5.48407
0.935105
-8.42254
 19.2553
 5.49851
0.949375
-8.42538
 19.2837
 5.49387
0.924996
-8.42377
 19.2497
 5.52325
0.919598
-8.37063
 19.2795
 5.53657
0.918173
-8.38025
 19.2649
 5.54114
0.938319
-8.36201
 19.3004
  5.5742
0.921785
-8.41698
 19.3058
 5.59005
0.925983
-8.39474
  19.333
 5.62387
0.934043
-8.43791
  19.331
 5.62668
0.938709
-8.42699
 19.3413
 5.66576
0.943674
-8.45218
 19.3521
 5.71545
0.943862
-8.51715
 19.3595
 5.74529
0.950454
 -8.5255
  19.366
 5.79012
0.949519
-8.55346
 19.3865
 5.83222
0.946082
-8.58848
 19.3936
 5.85983
0.922463
-8.59112
 19.4424
 5.90867
0.888719
-8.65698
 19.4949
 5.96482
0.882286
-8.71092
 19.5211
 5.98497
0.857198
-8.72637
 19.5499
 6.01839
0.845535
-8.76133
 19.5756
 6.05504
0.845733
-8.80364
 19.6396
 6.13168
0.796454
-8.89615
 19.6513
 6.17458
0.768876
-8.89966
 19.6839
 6.23152
0.748007
-8.94338
 19.7128
 6.27064
0.711838
-8.95996
 19.7515
 6.32628
0.678608
-9.00047
 19.8043
  6.4197
0.594977
-9.06132
 19.8542
 6.48857
0.547797
-9.09282
 19.9012
 6.55417
0.474573
-9.10967
 19.9141
 6.60328
0.455623
-9.12757
 19.9909
 6.69314
0.327641
 -9.1482
 20.0757
 6.76132
0.200696
-9.16881
 20.1087
 6.80213
0.163241
-9.16154
  20.1517
  6.83432
0.0972688
 -9.15583
  20.1841
  6.86749
0.0499906
 -9.15199
    20.2109
    6.89242
-0.00783482
   -9.12414
  20.2846
   6.8996
-0.127606
 -9.07747
  20.3677
  6.90541
-0.224167
 -9.02982
  20.4505
  6.88643
-0.287695
 -9.00306
 20.4864
 6.83498
-0.32571
-8.93494
  20.5756
  6.82172
-0.381512
 -8.92608
  20.6746
  6.70873
-0.424316
 -8.85945
  20.7361
  6.64336
-0.422312
 -8.82267
  20.7995
  6.57356
-0.411476
 -8.79716
  20.8256
  6.53142
-0.378227
 -8.78477
  20.8636
   6.4411
-0.346402
 -8.74534
  20.8713
  6.26469
-0.220818
 -8.70033
 20.8824
 6.18417
-0.12976
 -8.6544
   20.9089
   6.12043
-0.0808075
  -8.65051
   20.8976
   6.08622
-0.0327325
  -8.63411
 20.8655
 5.97648
0.125497
-8.62841
 20.8446
 5.92208
0.174891
-8.59117
  20.827
 5.85654
0.288518
-8.60211
 20.7631
 5.75474
0.454616
-8.61004
 20.7524
 5.70417
0.577618
-8.61305
 20.6819
 5.63852
0.692596
-8.59762
 20.6781
 5.61648
0.781899
-8.60012
 20.5549
  5.5045
 1.01924
-8.61587
 20.5439
 5.48417
 1.06918
-8.60574
 20.4741
 5.44844
 1.21032
-8.62329
 20.4127
  5.4368
 1.32959
-8.65838
 20.3605
 5.42809
 1.42428
-8.67177
 20.2764
 5.43319
 1.56994
-8.75068
 20.2469
 5.46374
 1.64348
-8.76709
 20.2093
 5.50035
  1.7255
-8.82353
 20.1706
 5.54753
  1.7912
-8.87299
 20.0553
 5.59607
 1.90541
-8.91373
19.9877
5.66341
1.96315
-8.9795
 19.9196
 5.74492
 2.04303
-9.01558
 19.8599
 5.84669
 2.04713
-9.06894
 19.8149
 5.91158
 2.07859
-9.07182
 19.7976
 5.96458
 2.09747
-9.09617
 19.7742
  6.0435
 2.09411
-9.13471
 19.7388
  6.1213
 2.10222
-9.16133
 19.7206
 6.22705
 2.09086
-9.24398
 19.7027
 6.31863
 2.08811
-9.26787
 19.7174
 6.38543
 2.07269
-9.30323
 19.7071
 6.47389
 2.06282
-9.33631
 19.7285
  6.5728
 2.01522
-9.39695
 19.7419
 6.66726
  1.9794
-9.44973
 19.7866
 6.79097
 1.92671
-9.53857
 19.8065
 6.87067
 1.87414
-9.57545
 19.8102
  6.9411
 1.83029
-9.58688
 19.8435
 6.99194
 1.81557
-9.62768
 19.8456
 7.05653
 1.76562
-9.63282
 19.8866
 7.15792
 1.69645
-9.68669
 19.9092
 7.25317
 1.61525
-9.72428
 19.9333
  7.3331
 1.59442
-9.75346
 19.9456
 7.36521
  1.5661
-9.74485
 19.9628
 7.40232
 1.56558
-9.76407
19.9895
7.47308
 1.4922
-9.7891
 20.0219
 7.52675
 1.44754
-9.78598
 20.0327
 7.55478
 1.44776
-9.80024
 20.0616
 7.58975
 1.40076
-9.81755
 20.0716
 7.62811
  1.3921
-9.83324
20.0684
7.66879
1.36643
-9.8466
 20.0647
 7.74485
 1.35631
-9.88088
 20.0417
  7.8255
 1.36953
-9.93311
 20.0528
 7.90001
 1.35217
-9.97555
 20.0593
 7.90202
 1.35487
-9.96971
 20.0593
 7.90202
 1.35487
-9.96971
 20.0593
 7.90202
 1.35487
-9.96971
 20.0593
 7.90202
 1.35487
-9.96971
 20.0593
 7.90202
 1.35487
-9.96971
 20.0593
 7.90202
 1.35487
-9.96971
 20.0593
 7.90202
 1.35487
-9.96971
 20.0593
 7.90202
 1.35487
-9.96971
 20.0593
 7.90202
 1.35487
-9.96971
 20.0452
 7.92471
 1.36782
-9.99395
 20.4659
 8.66591
 1.41114
-10.9933
 20.5055
 8.72884
 1.42814
-11.1088
  20.568
 8.80564
 1.44749
-11.2758
20.5722
 8.8283
 1.4636
-11.304
 20.6351
 8.91172
 1.50076
-11.4695
 20.6323
 8.92638
  1.5141
-11.4917
 20.6596
 8.98324
 1.55631
-11.6176
 20.6618
  9.0958
 1.63754
-11.8295
 20.6739
 9.13385
 1.67033
-11.8933
 20.6391
 9.18245
 1.70182
-11.9407
 20.6049
 9.24357
 1.73869
-11.9928
 20.5886
 9.30134
 1.75444
-12.0576
 20.6009
 9.30834
  1.7292
-12.0378
 20.6028
 9.31322
  1.7511
-12.0547
 20.5975
 9.28208
 1.73379
-11.9994
 20.6154
 9.25191
 1.74426
-12.0002
 20.5812
 9.17445
 1.78513
-11.9182
 20.5473
 9.13167
 1.81579
-11.8707
 20.4994
 9.03414
 1.84232
-11.7474
 20.5045
  8.9966
 1.82933
-11.6791
 20.4931
 8.91159
  1.8513
-11.5967
 20.4925
 8.87342
 1.84659
-11.5415
 20.5028
 8.75747
 1.87861
-11.4448
 20.4621
 8.64006
 1.91405
-11.3147
 20.4222
 8.59165
 1.95161
-11.2457
  20.409
   8.534
 1.96544
-11.1668
 20.3458
 8.44951
 1.99098
-11.0351
 20.3095
 8.34936
 2.00241
-10.9032
 20.3394
 8.34164
 2.00912
-10.8805
 20.3165
  8.2735
 2.02522
-10.7862
 20.3186
 8.25649
 2.03849
-10.7548
 20.3207
 8.19618
 2.05881
-10.6747
 20.3089
 8.15139
 2.07259
-10.6289
 20.2974
 8.10657
  2.0948
-10.5446
20.3166
8.09782
2.12804
-10.547
 20.2929
  8.0795
 2.14714
-10.4994
 20.3031
 8.07432
 2.17393
-10.5005
 20.2398
 8.06437
 2.23174
-10.4366
  20.265
 8.07932
 2.24611
-10.4602
 20.2251
 8.07438
 2.26339
-10.4344
20.2542
8.08555
2.29926
-10.437
 20.2392
  8.0918
 2.34118
-10.4742
 20.2522
 8.09592
 2.36842
-10.4771
  20.212
 8.11774
 2.42519
-10.4838
 20.2155
 8.12839
 2.45094
-10.4998
 20.1663
 8.15579
 2.49168
-10.5025
 20.1359
 8.19222
 2.54533
-10.5124
 20.1368
 8.20059
  2.5679
-10.5485
 20.1552
 8.20866
 2.58008
-10.5665
 20.1725
 8.22156
 2.58338
-10.5661
 20.1761
 8.21351
 2.63247
-10.6148
 20.1853
 8.22924
   2.645
-10.5996
 20.1591
 8.23526
 2.69058
-10.5953
 20.1269
 8.24598
 2.73059
-10.5988
 20.0865
 8.25865
 2.76271
-10.5832
 20.0462
 8.29195
 2.77588
-10.5653
 20.0309
   8.328
 2.76798
-10.5681
 20.0228
 8.34953
 2.75602
-10.5481
 20.0603
 8.39045
 2.71995
-10.5589
20.0962
 8.3985
2.67187
-10.551
 20.0848
 8.40434
 2.67077
-10.4888
20.1372
8.42111
2.64473
-10.491
 20.1233
 8.41353
 2.62881
-10.4381
 20.1215
 8.38338
 2.58862
-10.3453
 20.1337
 8.34972
 2.53919
-10.2459
20.1626
8.34214
2.50865
-10.234
 20.2013
 8.28041
 2.43887
-10.1251
 20.2145
 8.25786
 2.42184
-10.0739
 20.2986
 8.18563
 2.35749
-10.0102
 20.3313
 8.14244
  2.3495
-9.96276
 20.3765
 8.09863
 2.34595
-9.91769
 20.4251
 8.05989
 2.34384
-9.90385
 20.4876
 7.97774
 2.33151
-9.85469
 20.6137
 7.89386
 2.33032
-9.89087
 20.6798
  7.8697
  2.3617
-9.95214
 20.7571
 7.81434
 2.38049
-9.99393
20.8006
 7.7853
2.44873
-10.061
 20.8358
 7.75727
 2.54341
-10.1676
  20.854
 7.76484
 2.60995
-10.2329
20.8413
7.79134
 2.6747
-10.281
 20.8545
 7.81204
 2.72906
-10.3378
 20.8438
 7.86394
 2.80334
-10.4237
 20.8272
 7.93697
 2.91368
-10.5139
 20.7874
 7.97606
  2.9798
-10.5878
 20.7341
 8.03149
 3.04772
-10.6272
 20.6847
 8.10833
 3.10168
-10.6683
  20.642
 8.17627
 3.13433
-10.6902
 20.5982
 8.22978
 3.17804
-10.6942
 20.4893
 8.36149
 3.23016
-10.7155
  20.379
 8.47165
 3.25235
-10.7472
 20.3289
 8.52762
  3.2916
-10.6925
 20.2759
 8.63158
 3.29835
-10.7094
 20.2452
 8.68166
 3.28191
-10.6959
 20.1353
 8.78558
 3.27546
-10.6734
20.0642
8.88212
3.25066
-10.659
 20.0442
 8.94459
 3.23338
-10.6885
 19.9785
 8.98026
 3.22942
-10.6578
 19.9541
 8.99966
 3.21921
-10.6402
 19.9188
 9.03118
 3.18704
-10.6239
 19.8908
  9.0375
 3.16003
-10.5904
 19.8826
 9.07692
 3.12977
-10.5896
 19.8697
 9.07295
  3.1192
-10.5614
 19.8697
 9.07295
  3.1192
-10.5614
 19.8697
 9.07295
  3.1192
-10.5614
 19.8697
 9.07295
  3.1192
-10.5614
 19.8697
 9.07295
  3.1192
-10.5614
 19.8697
 9.07295
  3.1192
-10.5614
 19.8697
 9.07295
  3.1192
-10.5614
 19.8697
 9.07295
  3.1192
-10.5614
 19.8697
 9.07295
  3.1192
-10.5614
 20.2149
 8.61197
  2.8067
-10.1211
 20.2725
 8.53509
 2.78557
-10.0737
 20.2805
   8.497
 2.80377
-10.0698
 20.3047
 8.46425
 2.79864
-10.0602
 20.3183
 8.39601
 2.83329
-10.0345
 20.3371
 8.33546
 2.83642
-9.99815
 20.3281
 8.27595
 2.87287
-9.96289
 20.3046
 8.22595
 2.92046
-9.93853
 20.2794
 8.18039
 2.93765
-9.88428
 20.2593
 8.12803
 2.96059
-9.85389
20.1816
 8.0412
3.00214
-9.7402
 20.1292
 7.95333
 3.03788
-9.63266
 20.1173
 7.90079
 3.06457
-9.61526
  20.089
 7.86471
  3.0895
-9.58642
 20.0699
 7.83859
  3.1189
-9.57337
 20.0279
 7.80762
 3.17102
-9.55319
 19.9514
 7.78343
 3.21525
-9.53552
 19.9197
 7.79305
 3.24964
-9.55283
 19.8689
 7.78805
 3.25079
-9.52276
 19.8038
   7.778
 3.26834
-9.49226
 19.7647
 7.76932
 3.25059
-9.42494
 19.7782
 7.78051
 3.21554
-9.43678
 19.7873
 7.75409
 3.17395
-9.39679
 19.7774
 7.75877
 3.15769
-9.38088
 19.8344
 7.75196
 3.09806
-9.36377
 19.8804
 7.74398
 3.02139
-9.36311
 19.9252
 7.71135
 2.95287
-9.33157
 20.0337
 7.67954
 2.88578
-9.33245
 20.0934
 7.64634
 2.82053
-9.31794
 20.1857
 7.58495
 2.77068
-9.30631
 20.2413
 7.55384
 2.73067
-9.31093
 20.4345
 7.43528
 2.64514
-9.33094
20.5336
7.38953
2.60259
 -9.331
 20.6095
 7.34478
  2.5751
-9.35328
  20.691
  7.3039
 2.53861
-9.37941
 20.7216
 7.28614
 2.52544
-9.39542
 20.7768
 7.23316
 2.49282
-9.39544
 20.7931
 7.20198
 2.48135
-9.36257
  20.843
 7.16821
 2.43172
-9.32783
 20.8526
 7.12724
 2.40632
-9.28451
 20.8971
 7.06944
 2.36909
-9.23538
 20.9983
 6.99402
 2.29608
-9.17599
 21.0351
 6.95241
 2.29076
-9.16697
 21.1045
 6.88967
 2.26247
-9.14263
 21.1386
 6.86238
 2.27542
-9.15772
 21.2264
 6.78347
 2.26869
-9.16552
 21.3689
 6.69324
 2.28727
-9.22847
  21.406
 6.66464
 2.31818
-9.26895
 21.4231
 6.66996
 2.33102
-9.31692
 21.4553
 6.64153
 2.36518
-9.36064
 21.5023
 6.62933
 2.39438
-9.42501
21.5654
6.64326
2.42226
-9.5239
 21.5953
 6.62896
 2.43847
-9.55624
 21.6201
  6.6368
 2.45896
-9.61443
 21.6797
 6.62564
 2.52882
-9.76747
 21.7132
 6.63231
 2.57284
-9.85697
 21.7079
 6.63669
 2.62718
-9.91504
 21.7197
 6.64383
 2.67029
-10.0086
 21.7433
 6.65175
 2.71046
-10.0863
 21.7386
 6.66137
 2.74694
-10.1296
 21.7564
 6.66692
  2.7936
-10.2054
 21.7873
 6.67933
 2.82054
-10.2878
  21.798
 6.69273
 2.85392
-10.3402
21.7907
6.71613
2.88173
-10.387
 21.8305
 6.73299
 2.93031
-10.4982
 21.8536
 6.75699
 2.93761
-10.5594
21.8636
6.77887
2.96925
-10.632
21.8876
6.79652
2.96288
-10.668
  21.912
 6.84587
 2.99163
-10.7658
 21.9264
 6.87075
 3.02913
-10.8466
 21.9164
 6.89023
 3.03975
-10.8654
 21.9169
 6.91685
 3.05853
-10.9028
 21.9797
 6.97147
 3.07937
-11.0495
 21.9867
  7.0008
 3.10573
-11.1178
  22.023
 7.03196
 3.10445
-11.1786
 22.0629
 7.08322
 3.14621
-11.3208
 22.0347
 7.09741
 3.15468
-11.3299
 22.0562
 7.16303
 3.18931
-11.4621
  22.081
 7.23019
 3.20273
-11.5732
 22.0618
  7.2575
 3.21074
-11.5967
 22.0653
 7.33899
 3.22299
-11.6954
 22.1039
 7.37359
 3.22152
-11.7709
 22.1301
 7.43177
 3.24306
-11.8861
 22.1384
 7.46227
 3.24323
-11.9285
 22.1804
 7.49028
 3.23375
-12.0117
22.2135
7.51167
 3.2421
-12.079
  22.209
 7.51417
 3.23647
-12.0682
 22.2834
 7.51589
 3.22868
-12.1583
 22.3543
 7.51257
 3.21854
-12.2163
 22.4095
 7.48785
 3.20082
-12.2233
 22.4932
 7.46005
 3.20394
-12.2804
 22.5917
 7.42845
 3.18665
-12.3429
 22.6665
 7.38814
 3.18408
-12.3701
 22.7401
 7.35297
 3.19483
-12.4232
  22.817
 7.31303
 3.18941
-12.4631
 22.8394
 7.29218
  3.1807
-12.4531
   22.95
 7.21572
 3.18661
-12.4943
 23.0206
 7.17304
 3.18927
-12.5192
 23.0937
 7.12961
 3.17782
-12.5309
 23.1431
 7.09602
 3.19636
-12.5573
23.1667
7.07296
3.20658
-12.573
 23.1832
 7.06111
 3.21876
-12.5869
 23.1832
 7.06111
 3.21876
-12.5869
 23.1832
 7.06111
 3.21876
-12.5869
 23.1832
 7.06111
 3.21876
-12.5869
 23.1832
 7.06111
 3.21876
-12.5869
 23.1832
 7.06111
 3.21876
-12.5869
 23.1832
 7.06111
 3.21876
-12.5869
 23.1832
 7.06111
 3.21876
-12.5869
 23.1832
 7.06111
 3.21876
-12.5869
 23.2532
 7.02909
 3.21047
-12.6119
 23.2507
 7.02523
 3.21267
-12.6161
 23.1106
 6.87356
  3.6765
-12.7835
 23.1095
 6.88545
 3.70045
-12.8063
  23.057
 6.88137
 3.72229
-12.7805
 23.0128
 6.90594
 3.76432
-12.7992
22.9159
6.90003
3.80264
 -12.74
 22.8764
 6.91902
 3.83016
-12.7515
 22.8424
 6.91832
 3.82769
-12.7257
  22.806
 6.93135
 3.84568
-12.7224
22.8007
6.94603
3.86212
-12.751
 22.8216
  6.9629
 3.85113
-12.7912
 22.8198
 6.96515
 3.85723
-12.7983
 22.8221
 7.00089
 3.85621
-12.8384
 22.7839
 7.09727
 3.85144
-12.8938
  22.639
 7.17961
 3.82712
-12.8968
 22.5461
 7.30941
 3.75425
-12.9294
 22.5526
 7.40504
   3.546
-12.8587
 22.6502
 7.40258
 3.38777
-12.7921
 22.7886
 7.37246
 3.24233
-12.7451
 22.9591
 7.35731
 3.12624
-12.7749
 23.1528
 7.33427
 3.01425
-12.8231
  23.25
7.31688
3.00136
-12.857
 23.4633
 7.29512
 2.97991
-12.9965
 23.5612
 7.29474
 2.98913
-13.1025
 23.5897
 7.30247
 3.06258
-13.2191
 23.5497
 7.31833
 3.14436
-13.2951
 23.5269
 7.36325
 3.14783
-13.3276
 23.5608
 7.41975
 3.12698
-13.3924
 23.5538
 7.48672
 3.13192
-13.4416
 23.5538
 7.55975
  3.1124
-13.5011
  23.539
 7.63167
 3.10616
-13.5475
 23.4914
 7.77516
 3.09108
-13.6432
 23.4302
  7.8793
  3.0478
-13.6473
 23.4438
 7.98839
 2.96987
-13.7032
 23.4493
 8.07468
 2.88984
-13.6961
 23.4379
 8.10881
 2.82978
-13.6588
23.4565
8.16019
2.76935
-13.667
 23.4329
 8.21547
 2.73438
-13.6657
 23.3617
 8.28069
 2.71004
-13.6156
23.3656
8.31862
2.68793
-13.637
 23.3026
 8.36754
 2.63156
-13.5669
 23.2566
 8.46141
 2.54976
-13.5198
 23.3046
 8.39387
 2.48558
-13.4503
  23.341
 8.13004
 2.35172
-13.2869
 23.3465
 8.07859
 2.34922
-13.2352
 23.3632
 8.16117
 2.39497
-13.2745
  23.414
 8.18963
 2.39321
-13.3537
23.4613
8.10834
2.35487
-13.339
 23.4504
 8.08162
 2.37006
-13.3063
 23.3948
 8.10553
 2.40558
-13.3123
 23.3599
 8.10547
 2.41805
-13.2845
 23.3736
 8.07234
 2.42173
-13.2751
 23.3542
 8.07671
 2.47033
-13.3022
 23.3485
  8.1106
 2.48185
-13.3317
 23.3474
 8.14425
 2.48359
-13.3755
 23.3575
  8.1471
 2.48144
-13.3905
 23.3701
  8.1453
 2.46895
-13.3883
 23.3599
 8.15983
 2.46128
-13.3946
 23.3308
 8.15461
 2.48116
-13.3804
 23.3226
 8.14887
 2.46956
-13.3533
  23.325
 8.13947
 2.45945
-13.3426
23.2915
8.12225
 2.4689
-13.306
 23.3016
 8.13103
 2.45729
-13.3065
 23.3378
 8.12511
 2.44805
-13.3271
 23.3443
 8.11762
 2.46656
-13.3441
 23.3297
 8.10573
  2.4836
-13.3351
 23.3155
 8.09391
 2.48737
-13.3209
 23.3157
 8.10649
 2.49919
-13.3397
  23.291
  8.1041
 2.49525
-13.3084
 23.3046
 8.11604
 2.49137
-13.3305
  23.316
   8.118
 2.47293
-13.3335
 23.3185
 8.11947
 2.47051
-13.3289
23.3108
8.10642
2.46808
-13.315
  23.324
 8.10971
 2.47789
-13.3349
 23.3065
 8.08631
 2.48021
-13.2911
  23.294
 8.07371
 2.48566
-13.2793
 23.3029
 8.08407
 2.49154
-13.2995
 23.3069
 8.08477
 2.48143
-13.2934
 23.3066
 8.07936
 2.46188
-13.2722
 23.3305
 8.08547
 2.46987
-13.3051
 23.3485
 8.08432
 2.46375
-13.3105
 23.3469
 8.06296
 2.47467
-13.3074
 23.343
8.06024
2.49555
-13.323
 23.3336
 8.04503
 2.50465
-13.3059
 23.3192
 8.04731
 2.50396
-13.2936
 23.3133
 8.05471
 2.51218
-13.3038
 23.3129
 8.05846
 2.50457
-13.2976
 23.3263
 8.06693
 2.48877
-13.3106
  23.314
  8.0658
 2.49796
-13.3066
 23.3079
 8.06107
 2.49056
-13.2839
 23.3161
 8.05385
  2.4857
-13.2839
 23.3152
 8.04666
 2.50339
-13.2873
 23.3038
 8.03074
 2.50813
-13.2654
 23.3026
 8.03745
 2.51487
-13.2785
 23.3254
 8.04932
 2.50896
-13.3059
 23.3236
 8.04608
 2.50856
-13.3013
 23.3162
 8.04352
 2.50499
-13.2951
 23.3224
 8.05587
 2.51129
-13.3132
 23.2898
 8.03566
 2.51415
-13.2599
   23.29
  8.0383
 2.51284
-13.2614
23.3071
8.04404
2.51011
-13.283
 23.3003
 8.03135
 2.50819
-13.2588
 23.3003
 8.03135
 2.50819
-13.2588
 23.3003
 8.03135
 2.50819
-13.2588
 23.3003
 8.03135
 2.50819
-13.2588
 23.3003
 8.03135
 2.50819
-13.2588
 23.3003
 8.03135
 2.50819
-13.2588
 23.3003
 8.03135
 2.50819
-13.2588
 23.3003
 8.03135
 2.50819
-13.2588
 23.3003
 8.03135
 2.50819
-13.2588
 23.3048
 8.03397
 2.50671
-13.2645
 23.3166
 8.03256
 2.50593
-13.2811
 23.2942
 8.02213
 2.53731
-13.2737
 23.2862
 8.01842
  2.5439
-13.2632
 23.2876
 8.01403
 2.52783
-13.2489
 23.2819
 8.01937
  2.5428
-13.2617
 23.2877
 8.02833
 2.53444
-13.2679
23.2903
8.02329
2.52513
-13.258
 23.2847
 8.02735
 2.53204
-13.2603
 23.2762
 8.01987
 2.53497
-13.2448
 23.2795
 8.01478
 2.52921
-13.2417
  23.275
 8.01329
 2.53868
-13.2458
23.2708
8.01264
2.54479
-13.239
 23.2844
 8.01883
 2.53124
-13.2495
  23.285
 8.02002
 2.54483
-13.2598
 23.2691
 8.01161
 2.54576
-13.2356
 23.2847
 8.02548
   2.542
-13.2617
 23.2802
 8.02414
  2.5434
-13.2569
 23.2535
 8.00947
 2.54949
-13.2188
 23.2666
 8.01858
 2.54413
-13.2358
 23.2744
 8.01695
 2.53741
-13.2427
 23.2731
 8.01721
 2.54738
-13.2415
 23.2683
 8.00952
 2.54544
-13.2354
23.2812
8.02379
2.55158
-13.263
 23.2579
 8.01149
   2.556
-13.2277
 23.2647
  8.0218
 2.55605
-13.2455
 23.2485
 8.01001
 2.55402
-13.2188
 23.2649
 8.02044
 2.55863
-13.2438
  23.249
 8.00807
 2.54753
-13.2141
 23.2642
 8.02007
 2.55492
-13.2464
 23.2602
 8.01555
 2.55244
-13.2282
 23.2426
 8.00267
 2.55751
-13.2097
 23.2408
 8.00414
 2.55928
-13.2113
 23.2583
 8.01237
 2.56413
-13.2344
 23.2445
 8.00692
 2.55677
-13.2137
 23.2442
 8.01613
 2.56834
-13.2353
 23.2518
 8.01963
  2.5591
-13.2288
 23.2446
 8.01595
 2.56817
-13.2273
 23.2285
 8.01421
 2.56919
-13.2142
 23.2352
 8.01148
 2.57104
-13.2144
 23.2383
  8.0083
 2.55797
-13.2061
 23.2278
 8.01242
 2.56598
-13.2083
 23.2418
 8.01688
 2.56844
-13.2219
 23.2272
 8.00482
 2.56804
-13.2007
 23.2341
 8.01375
 2.57563
-13.2207
 23.2143
 8.00754
 2.57902
-13.1968
 23.2104
 8.00369
   2.577
-13.1868
 23.2243
   8.021
 2.57528
-13.2142
 23.2062
 8.00816
 2.57767
-13.1861
 23.2261
 8.01221
 2.56447
-13.2033
 23.2299
 8.01907
 2.57581
-13.2191
 23.2223
 8.01998
 2.57888
-13.2157
 23.1996
 7.99921
 2.57656
-13.1759
 23.2166
 8.01828
 2.58159
-13.2111
 23.1929
  8.0061
 2.58154
-13.1744
 23.1955
 8.00458
 2.57164
-13.1743
 23.2133
 8.02409
 2.57696
-13.2106
 23.2059
 8.02008
 2.57954
-13.1958
23.1956
8.00443
2.57222
-13.172
 23.1994
 8.01438
 2.58643
-13.1966
 23.1978
 8.01706
 2.58656
-13.1917
 23.1808
 8.00312
 2.58207
-13.1653
 23.1907
 8.01294
 2.58622
-13.1875
 23.2008
 8.01489
 2.58321
-13.1961
 23.1852
 8.00937
 2.57944
-13.1709
 23.1839
 8.00663
 2.58268
-13.1702
 23.1917
 8.01533
 2.58882
-13.1855
 23.1761
 8.00827
 2.57835
-13.1589
 23.1738
 8.01137
 2.58872
-13.1718
  23.177
 8.01435
 2.58402
-13.1714
 23.1811
 8.01418
 2.57774
-13.1686
 23.1753
 8.01485
 2.58949
-13.1799
  23.178
 8.01019
 2.58667
-13.1748
 23.1658
  8.0124
 2.58422
-13.1608
23.1717
8.01566
2.58333
-13.169
 23.1656
 8.01192
 2.58982
-13.1647
 23.171
8.01499
2.57821
-13.161
 23.1654
 8.01292
 2.58254
-13.1667
 23.1469
 8.01015
 2.59133
-13.1499
 23.1637
 8.01925
 2.58314
-13.1633
  23.162
 8.01872
 2.59046
-13.1742
 23.1421
 8.00709
 2.59502
-13.1453
 23.1423
 8.00221
 2.58641
-13.1384
 23.1493
  8.0136
  2.5854
-13.1562
 23.1592
  8.0278
 2.59039
-13.1766
 23.1471
 8.01487
  2.5913
-13.1519
 23.1606
 8.01958
 2.58192
-13.1702
 23.1359
 8.00969
 2.58855
-13.1368
 23.1327
 8.01278
 2.59393
-13.1382
 23.1493
 8.02298
 2.59103
-13.1674
  23.136
 8.01818
 2.59177
-13.1443
 23.1306
 8.00741
 2.58363
-13.1307
 23.1255
 8.00604
 2.58778
-13.1286
 23.1401
 8.02986
 2.59715
-13.1672
  23.124
 8.00912
 2.58805
-13.1281
  23.133
 8.01967
 2.59218
-13.1526
   23.13
 8.02267
 2.58947
-13.1422
 23.1241
 8.01576
 2.59017
-13.1298
 23.1274
 8.01971
 2.59347
-13.1471
 23.1261
 8.02573
 2.59081
-13.1428
 23.1249
 8.01647
 2.58294
-13.1319
23.1213
8.01461
2.59667
-13.141
23.1178
   8.02
2.59627
-13.137
  23.112
 8.02276
 2.59581
-13.1337
  23.112
 8.02276
 2.59581
-13.1337
  23.112
 8.02276
 2.59581
-13.1337
  23.112
 8.02276
 2.59581
-13.1337
  23.112
 8.02276
 2.59581
-13.1337
  23.112
 8.02276
 2.59581
-13.1337
  23.112
 8.02276
 2.59581
-13.1337
  23.112
 8.02276
 2.59581
-13.1337
  23.112
 8.02276
 2.59581
-13.1337
 23.1132
 8.02147
 2.59304
-13.1305
 23.0857
   8.013
  2.5967
-13.1021
   23.09
 8.01687
 2.59118
-13.1046
 23.0926
 8.01109
 2.58487
-13.1053
 23.0859
 8.01526
 2.59164
-13.1032
 23.0905
 8.02124
 2.59342
-13.1102
 23.0945
 8.01593
 2.58464
-13.1103
 23.1052
 8.02831
 2.58836
-13.1344
  23.097
 8.02393
 2.58901
-13.1224
23.0851
8.01532
2.58275
-13.099
 23.0851
 8.02037
  2.5936
-13.1136
 23.0879
 8.02194
 2.58865
-13.1053
23.0812
8.01494
2.58026
-13.091
 23.0755
 8.01552
 2.58342
-13.0891
23.0862
8.02673
2.59628
 -13.12
 23.0859
 8.01959
 2.58143
-13.1043
 23.0719
 8.01716
 2.59236
-13.0987
 23.0787
 8.02422
 2.59947
-13.1136
 23.0736
   8.017
 2.58072
-13.0887
 23.0733
 8.01738
 2.59524
-13.1039
 23.0754
 8.01962
 2.59033
-13.1031
  23.081
 8.01915
 2.58469
-13.1007
23.0768
8.01742
2.58535
-13.096
 23.0697
 8.02021
 2.59684
-13.0992
 23.0716
  8.0174
 2.59315
-13.0986
23.0588
8.01777
2.59587
-13.089
 23.0695
 8.02569
 2.59271
-13.1021
 23.0611
 8.01639
 2.58587
-13.0832
 23.0724
  8.0243
 2.58379
-13.0987
 23.0609
 8.02216
 2.58987
-13.0914
  23.055
 8.01062
 2.58882
-13.0754
 23.0674
 8.02489
 2.58763
-13.0978
 23.0449
 8.01601
 2.59972
-13.0748
  23.052
 8.01528
 2.58571
-13.0759
 23.0454
 8.00953
 2.58755
-13.0652
 23.0636
 8.03389
 2.59324
-13.1045
 23.0411
 8.01042
 2.58917
-13.0639
 23.0624
 8.02613
 2.58823
-13.0958
23.0479
8.02046
2.59624
-13.076
 23.0501
 8.02514
 2.59575
-13.0825
 23.0375
 8.01371
 2.59223
-13.0629
 23.0478
 8.02293
 2.59344
-13.0774
 23.0311
 8.01053
 2.59141
-13.0547
 23.0356
 8.01579
 2.59019
-13.0653
 23.0316
 8.01564
 2.58856
-13.0595
 23.0383
 8.02069
 2.58761
-13.0682
 23.0391
 8.01857
 2.59636
-13.0772
 23.0389
 8.02284
 2.59728
-13.0736
 23.0244
 8.01144
 2.59183
-13.0482
 23.0273
 8.01911
 2.60014
-13.0681
 23.0345
 8.02214
 2.60014
-13.0722
 23.0371
 8.01733
 2.59226
-13.0679
 23.0264
 8.01818
 2.58567
-13.0536
 23.0251
 8.02107
 2.59663
-13.0601
 23.0245
 8.01828
 2.59546
-13.0589
 23.0206
  8.0163
 2.58944
-13.0464
 23.0216
 8.01995
  2.5974
-13.0564
 23.0245
 8.01939
 2.58507
-13.0517
 23.0261
  8.0223
 2.59436
-13.0646
23.0128
8.02021
2.60451
-13.054
 23.0274
   8.023
  2.5941
-13.0607
 23.0098
 8.01619
 2.59701
-13.0427
  23.016
 8.02479
 2.59798
-13.0535
 23.0135
 8.01673
 2.58766
-13.0391
23.0092
 8.0132
2.59228
-13.036
 23.0245
 8.03341
 2.59415
-13.0666
 23.0074
 8.01318
 2.59183
-13.0338
 23.0279
 8.02934
 2.59054
-13.0658
 23.0144
 8.02988
 2.59933
-13.0561
 23.0176
 8.02892
 2.59649
-13.0554
 22.9972
 8.01277
 2.59342
-13.0235
 23.0128
 8.02853
  2.5987
-13.0511
 22.9993
 8.01675
 2.59301
-13.0292
 23.0132
 8.02676
 2.59387
-13.0541
 22.9988
 8.01521
 2.59788
-13.0316
 23.0125
  8.0257
 2.59049
-13.0469
 22.9959
 8.01192
 2.59259
-13.0187
 22.9997
 8.03065
 2.60637
-13.0463
 22.9991
  8.0273
 2.59018
-13.0331
 22.9986
 8.02056
 2.59312
-13.0314
 23.0056
 8.02773
 2.59843
-13.0411
 22.9975
 8.02948
 2.60561
-13.0424
 22.9982
  8.0182
 2.58928
-13.0206
 23.0002
 8.02571
 2.60669
-13.0409
 22.9986
 8.02651
 2.59378
-13.0323
 22.9945
 8.02551
 2.60069
-13.0346
 22.9927
 8.02644
 2.60336
-13.0335
 22.9907
 8.02482
 2.60537
-13.0364
   22.99
 8.02923
 2.59032
-13.0251
 22.9852
 8.02403
 2.60503
-13.0254
 22.9905
 8.02665
 2.60287
-13.0312
 22.9858
 8.02137
 2.59843
-13.0205
22.9949
8.02963
2.60293
-13.037
 22.9876
 8.02501
  2.5923
-13.0187
 22.9967
 8.03195
 2.59393
-13.0364
 22.9874
 8.02847
 2.59349
-13.0228
 22.9886
 8.02345
 2.59487
-13.0205
22.9849
 8.0266
2.59862
-13.023
 22.9866
 8.03312
 2.60136
-13.0289
 22.9932
 8.03311
  2.5982
-13.0323
 22.9753
 8.01563
 2.60024
-13.0048
22.9913
8.03441
2.60265
-13.034
 22.9726
 8.02105
 2.59845
-13.0059
 22.9726
 8.02105
 2.59845
-13.0059
 22.9726
 8.02105
 2.59845
-13.0059
 22.9726
 8.02105
 2.59845
-13.0059
 22.9726
 8.02105
 2.59845
-13.0059
 22.9726
 8.02105
 2.59845
-13.0059
 22.9726
 8.02105
 2.59845
-13.0059
 22.9726
 8.02105
 2.59845
-13.0059
 22.9726
 8.02105
 2.59845
-13.0059
 22.9818
 8.03377
  2.6026
-13.0162
 22.9712
 8.03144
 2.61437
-13.0155
 22.9799
  8.0326
 2.60212
-13.0167
  22.975
 8.02408
  2.6026
-13.0078
 22.9765
 8.03163
 2.61234
-13.0196
 22.9725
 8.02835
  2.6006
-13.0029
 22.9775
 8.02934
 2.60711
-13.0159
 22.9801
 8.02593
 2.59605
-13.0053
 22.9739
 8.03065
 2.60975
-13.0116
 22.9716
 8.02781
 2.61237
-13.0122
 22.9735
 8.02431
 2.60457
-13.0022
 22.9748
 8.03199
 2.60742
-13.0092
  22.966
 8.02835
 2.61155
-13.0044
  22.979
 8.03291
 2.60386
-13.0139
 22.9721
 8.03001
  2.6145
-13.0076
22.9635
8.02986
2.61651
-13.001
 22.9614
 8.02636
 2.60807
-12.9911
  22.966
 8.02464
 2.61587
-12.9952
 22.9628
 8.02415
 2.60652
-12.9876
 22.9815
 8.03624
 2.60272
-13.0149
 22.9615
 8.02947
 2.61461
-12.9934
 22.9644
 8.02258
 2.60917
-12.9908
 22.9635
 8.02346
 2.60845
-12.9893
22.9745
8.03897
2.61327
-13.013
 22.9743
 8.04321
  2.6124
-13.0164
 22.9569
 8.01744
 2.60785
-12.9727
 22.9716
 8.03899
 2.61771
-13.0091
 22.9584
 8.02286
 2.61072
-12.9792
 22.9647
 8.02921
 2.61182
-12.9951
  22.958
 8.01706
 2.60686
-12.9702
22.9716
8.03674
2.61195
-13.004
  22.954
 8.02098
 2.60603
-12.9666
 22.9697
 8.03645
 2.61911
-13.0025
 22.9657
  8.0354
 2.62077
-12.9994
 22.9611
 8.02433
 2.60488
-12.9777
 22.9574
 8.03187
 2.62366
-12.9914
 22.9556
 8.02989
 2.61998
-12.9849
 22.9547
 8.03025
 2.60982
-12.9797
  22.948
 8.02949
 2.61789
-12.9732
 22.9568
 8.03188
 2.61937
-12.9871
 22.9608
  8.0283
 2.61675
-12.9843
 22.9509
 8.03351
 2.61893
-12.9775
 22.9463
 8.03221
 2.62076
-12.9767
22.9541
8.03008
2.61319
-12.976
 22.9563
  8.0322
 2.62288
-12.9844
 22.9583
 8.03627
 2.61579
-12.9832
 22.9413
   8.026
 2.62125
-12.9665
 22.9486
 8.03138
 2.61913
-12.9771
 22.9458
 8.02458
 2.62092
-12.9675
 22.9575
 8.03711
 2.61134
-12.9828
 22.9422
 8.02755
  2.6159
-12.9621
 22.9441
 8.02713
 2.61776
-12.9641
 22.9446
 8.02406
 2.61631
-12.9598
 22.9458
 8.03924
 2.62401
-12.9757
  22.935
 8.02357
 2.61932
-12.9499
 22.9553
 8.03348
 2.61209
-12.9746
 22.9548
 8.03882
 2.62127
-12.9807
 22.9513
 8.04031
 2.62248
-12.9803
 22.9371
  8.0199
 2.61286
-12.9434
 22.9432
 8.03014
 2.61856
-12.9662
 22.9426
 8.03567
 2.61667
-12.9654
 22.9435
 8.02957
  2.6168
-12.9596
 22.9333
 8.02857
 2.62589
-12.9516
 22.9275
 8.02088
 2.62087
-12.9365
 22.9373
 8.02798
 2.62079
-12.9596
  22.938
 8.02993
 2.62685
-12.9581
 22.9439
 8.02843
 2.62412
-12.9617
 22.9384
 8.02483
 2.60973
-12.9438
 22.9319
 8.02655
 2.61253
-12.9424
  22.94
8.03122
2.62839
-12.964
 22.9319
 8.03222
 2.62895
-12.9575
  22.931
 8.02956
 2.62082
-12.9432
 22.9336
  8.0306
 2.62929
-12.9568
 22.9313
 8.02982
 2.61923
-12.9463
 22.9372
 8.02849
 2.62539
-12.9509
   22.94
 8.03085
 2.62046
-12.9511
 22.9332
 8.02267
    2.62
-12.9412
 22.9366
 8.02949
 2.61913
-12.9509
 22.9235
 8.02408
 2.62789
-12.9392
 22.9347
 8.02284
 2.62269
-12.9435
 22.9366
 8.03406
 2.62341
-12.9514
 22.9263
  8.0231
 2.62637
-12.9385
 22.9282
 8.02316
 2.62273
-12.9388
 22.9316
 8.03571
 2.62907
-12.9527
 22.9433
 8.03874
 2.62328
-12.9617
 22.9176
 8.01737
 2.62007
-12.9194
22.9271
8.02623
2.62174
 -12.94
 22.9309
 8.03145
 2.62221
-12.9455
 22.9272
 8.02642
 2.62075
-12.9351
 22.9177
 8.03167
  2.6316
-12.9367
 22.9191
 8.02568
 2.62391
-12.9277
 22.9235
 8.02678
 2.61983
-12.9351
 22.9203
 8.02905
 2.63398
-12.9397
 22.9166
   8.033
 2.63059
-12.9419
 22.9192
 8.01964
 2.61173
-12.9136
 22.9139
 8.03084
 2.63128
-12.9302
 22.9213
  8.0312
 2.62871
-12.9415
 22.9202
 8.02436
 2.62129
-12.9254
 22.9171
 8.02942
 2.63274
-12.9313
 22.9195
 8.03172
 2.63058
-12.9335
 22.9166
 8.02771
 2.61694
-12.9186
 22.9166
 8.02771
 2.61694
-12.9186
 22.9166
 8.02771
 2.61694
-12.9186
 22.9166
 8.02771
 2.61694
-12.9186
 22.9166
 8.02771
 2.61694
-12.9186
 22.9166
 8.02771
 2.61694
-12.9186
 22.9166
 8.02771
 2.61694
-12.9186
 22.9166
 8.02771
 2.61694
-12.9186
 22.9166
 8.02771
 2.61694
-12.9186
 22.9166
 8.02771
 2.61694
-12.9186
 22.9098
 8.02547
  2.6276
-12.9152
 22.9225
 8.03044
 2.62003
-12.9251
 22.9232
 8.02696
 2.61609
-12.9239
 22.9232
 8.02696
 2.61609
-12.9239
 22.9232
 8.02696
 2.61609
-12.9239
 22.9232
 8.02696
 2.61609
-12.9239
 22.9232
 8.02696
 2.61609
-12.9239
 22.9232
 8.02696
 2.61609
-12.9239
 22.9232
 8.02696
 2.61609
-12.9239
 22.9232
 8.02696
 2.61609
-12.9239
 22.9232
 8.02696
 2.61609
-12.9239
 22.9041
 8.02801
 2.63354
-12.9187
 22.8924
 8.02589
 2.61995
-12.8991
  22.875
 8.01953
  2.6296
-12.8822
 22.8977
 8.03103
 2.62871
-12.9121
 22.8821
 8.01568
  2.6312
-12.8912
 22.8717
 8.01645
 2.63277
-12.8755
  22.883
 8.02141
 2.62071
-12.8869
 22.8882
 8.02488
 2.62326
-12.8984
 22.8812
 8.02361
 2.63176
-12.8934
 22.8965
 8.02896
 2.63009
-12.9125
 22.8864
 8.03015
 2.62747
-12.9007
 22.8644
 8.01694
  2.6336
-12.8689
 22.8842
 8.02903
 2.63269
-12.9018
 22.8795
 8.01923
 2.62301
-12.8835
22.8652
 8.0224
2.63641
-12.878
22.8762
8.02418
 2.6346
-12.889
 22.8892
 8.01678
 2.62767
-12.8961
 22.8667
 8.02251
 2.63275
-12.8755
 22.8838
 8.02307
 2.63616
-12.9003
 22.8859
 8.01133
 2.62465
-12.8852
