       1
0.499624
0.226784
       0
       1
0.500031
 0.22782
       0
       1
0.499921
0.227149
       0
       1
0.500244
0.227797
       0
       1
0.500025
 0.22683
       0
       1
0.500088
0.227339
       0
       1
0.500022
0.227392
       0
       1
0.499823
0.227673
       0
       1
0.500246
0.227095
       0
       1
0.499742
   0.227
       0
       1
0.500049
0.227076
       0
       1
0.499668
0.227435
       0
       1
0.500356
0.227495
       0
       1
0.499313
0.227273
       0
       1
0.499456
0.227361
       0
       1
0.500527
0.227329
       0
       1
0.499664
0.227023
       0
       1
 0.50028
0.226907
       0
       1
0.500823
0.227592
       0
       1
0.500466
0.227623
       0
       1
0.499015
 0.22731
       0
       1
0.499622
0.227114
       0
       1
0.500358
0.227306
       0
       1
0.499716
 0.22712
       0
       1
0.500663
0.227614
       0
       1
0.500459
0.227393
       0
       1
0.499495
0.227464
       0
       1
0.500149
0.227943
       0
       1
0.500306
0.227953
       0
       1
0.499348
0.226878
       0
       1
0.500266
0.227747
       0
       1
0.499968
0.227077
       0
       1
 0.49988
0.227094
       0
       1
0.499882
0.227154
       0
       1
0.500382
0.227887
       0
       1
0.500187
0.227473
       0
       1
0.499847
0.227613
       0
       1
0.499921
0.227663
       0
       1
0.499845
0.227514
       0
       1
0.499845
0.227514
       0
       1
0.499845
0.227514
       0
       1
0.499845
0.227514
       0
       1
0.499845
0.227514
       0
       1
0.499845
0.227514
       0
       1
0.499845
0.227514
       0
       1
0.499845
0.227514
       0
       1
0.499845
0.227514
       0
       1
0.499659
0.227084
       0
       1
0.499764
0.226851
       0
       1
 0.49991
0.226873
       0
       1
0.500167
0.227756
       0
       1
 0.49953
0.227747
       0
       1
0.500162
0.227404
       0
       1
0.499115
0.227724
       0
       1
0.500776
0.228301
       0
       1
0.499921
0.227649
       0
       1
0.500816
0.227474
       0
       1
0.500211
0.227376
       0
       1
0.500805
0.227616
       0
       1
0.499894
0.227285
       0
       1
0.500508
 0.22809
       0
       1
0.500101
0.227896
       0
       1
0.500213
0.227166
       0
       1
0.500473
0.228064
       0
       1
0.500209
0.228025
       0
       1
0.500231
0.227293
       0
       1
0.500132
0.227427
       0
       1
0.500411
0.227805
       0
       1
 0.50046
0.227336
       0
       1
0.500902
0.227257
       0
       1
0.500632
0.228084
       0
       1
0.500219
0.227744
       0
       1
0.500513
0.227994
       0
       1
0.500776
0.227545
       0
       1
0.500242
0.227854
       0
       1
0.501434
0.227596
       0
       1
0.500469
0.227713
       0
       1
0.501238
0.227267
       0
       1
0.500395
0.227736
       0
       1
0.500754
0.227787
       0
       1
0.499976
0.228037
       0
       1
0.501079
0.228109
       0
       1
0.500773
0.227835
       0
       1
0.500872
0.227696
       0
       1
0.501472
0.228031
       0
       1
  0.5016
0.228081
       0
       1
0.500828
0.227724
       0
       1
0.501136
0.228264
       0
       1
0.500965
0.227784
       0
       1
0.501241
0.227957
       0
       1
0.500793
0.228051
       0
       1
0.501247
 0.22821
       0
       1
0.500974
0.228048
       0
       1
0.500982
0.228348
       0
       1
0.500993
0.228296
       0
       1
 0.50099
0.227512
       0
       1
0.501078
0.227142
       0
       1
0.501482
0.228098
       0
       1
0.500867
0.227237
       0
       1
0.500921
0.228471
       0
       1
0.500968
0.228457
       0
       1
0.501074
0.228737
       0
       1
0.501187
0.227862
       0
       1
0.501204
0.227941
       0
       1
0.500825
0.227915
       0
       1
0.501048
0.227707
       0
       1
0.501113
0.227324
       0
       1
0.500428
0.228211
       0
       1
0.501724
0.228239
       0
       1
0.500723
0.228364
       0
       1
0.500794
0.228324
       0
       1
0.501813
0.228283
       0
       1
0.501476
0.228138
       0
       1
0.500531
0.227742
       0
       1
0.501621
0.228493
       0
       1
0.501748
0.228223
       0
       1
0.500896
0.227704
       0
       1
0.500645
0.227948
       0
       1
0.501911
0.228436
       0
       1
0.501482
0.228074
       0
       1
0.500475
0.227911
       0
       1
0.501156
0.228351
       0
       1
0.501654
0.229205
       0
       1
0.501242
 0.22854
       0
       1
0.501506
0.228876
       0
       1
0.500482
0.227623
       0
       1
0.501389
0.228175
       0
       1
0.501549
0.227877
       0
       1
0.500626
0.227766
       0
       1
0.501358
 0.22765
       0
       1
0.501564
0.228682
       0
       1
0.500944
0.228263
       0
       1
0.500686
0.228076
       0
       1
0.501776
0.228106
       0
       1
 0.50167
0.228861
       0
      1
0.50156
 0.2282
      0
       1
0.501485
 0.22853
       0
       1
0.500886
0.228591
       0
       1
 0.50183
0.228519
       0
       1
0.501009
0.227832
       0
       1
0.501189
0.228614
       0
       1
0.501727
0.229228
       0
       1
0.501429
0.228263
       0
       1
0.500999
0.228519
       0
       1
0.501512
0.228689
       0
       1
0.501995
0.227943
       0
       1
0.500899
0.227927
       0
       1
0.501153
0.228386
       0
       1
0.501789
0.228207
       0
       1
0.501789
0.228207
       0
       1
0.501789
0.228207
       0
       1
0.501789
0.228207
       0
       1
0.501789
0.228207
       0
       1
0.501789
0.228207
       0
       1
0.501789
0.228207
       0
       1
0.501789
0.228207
       0
       1
0.501789
0.228207
       0
       1
0.501789
0.228207
       0
       1
0.500055
0.228054
       0
       1
0.501247
0.228518
       0
       1
0.501229
0.228254
       0
       1
0.501433
0.228386
       0
       1
0.501462
0.228223
       0
       1
0.501529
0.229048
       0
       1
0.501424
0.227922
       0
       1
0.501382
0.228152
       0
       1
 0.50154
0.228733
       0
       1
0.501239
0.227956
       0
       1
0.501647
 0.22831
       0
       1
0.501237
0.228887
       0
       1
0.501285
 0.22907
       0
      1
0.50118
0.22836
      0
       1
0.501618
0.228125
       0
       1
0.501298
0.228549
       0
       1
0.501892
 0.22866
       0
       1
0.501833
0.228552
       0
       1
0.500576
0.228552
       0
       1
0.500885
0.228372
       0
       1
0.501626
 0.22832
       0
       1
0.501978
 0.22817
       0
       1
0.501586
0.228535
       0
       1
0.502046
0.228181
       0
       1
0.501355
0.228102
       0
       1
0.501114
0.228784
       0
       1
0.501362
0.228819
       0
       1
0.501386
0.228364
       0
       1
0.500572
0.228379
       0
       1
  0.5018
0.228818
       0
       1
0.500922
0.228125
       0
       1
0.501546
0.228655
       0
       1
0.501955
0.228815
       0
       1
0.501946
0.228829
       0
       1
0.501399
0.228033
       0
       1
0.501215
 0.22823
       0
       1
0.501068
0.227788
       0
       1
 0.50133
0.227935
       0
       1
0.501425
 0.22868
       0
       1
0.500801
0.227686
       0
       1
0.501212
0.228282
       0
       1
 0.50119
0.228785
       0
       1
0.500307
0.228856
       0
       1
0.500705
0.228638
       0
       1
0.500685
0.229382
       0
       1
0.501167
0.228198
       0
       1
 0.50159
0.228199
       0
       1
0.501752
0.228293
       0
       1
0.500231
0.227843
       0
       1
0.500644
0.228072
       0
       1
0.501444
0.228601
       0
       1
0.501134
0.230134
       0
       1
0.501112
0.230837
       0
       1
0.502451
0.230662
       0
       1
0.501011
 0.22996
       0
       1
0.501678
0.230725
       0
       1
   0.501
0.230644
       0
       1
0.500992
0.230237
       0
       1
0.501992
0.228998
       0
       1
0.502767
0.227805
       0
       1
0.503029
0.226084
       0
       1
0.502996
0.227209
       0
       1
0.501782
0.229206
       0
       1
0.500147
0.230338
       0
       1
0.498879
0.231887
       0
       1
0.499325
0.232807
       0
       1
0.499698
0.231947
       0
       1
0.501187
0.231527
       0
       1
0.502405
 0.23157
       0
       1
0.502984
 0.23211
       0
       1
0.503129
0.231975
       0
      1
0.50313
 0.2329
      0
      1
0.50228
0.23337
      0
       1
0.502161
0.233217
       0
       1
 0.50183
0.233552
       0
       1
0.501829
0.233644
       0
       1
0.503251
0.236425
       0
       1
0.505447
0.238244
       0
       1
0.508727
0.239912
       0
       1
0.513238
0.238337
       0
       1
0.517636
0.235979
       0
       1
0.522446
0.233724
       0
       1
0.525163
0.232109
       0
       1
0.528801
0.225238
       0
       1
0.530534
0.221844
       0
       1
0.531779
0.217522
       0
       1
 0.53368
0.211002
       0
       1
0.534515
0.205102
       0
       1
0.535869
0.198864
       0
       1
0.536924
0.190779
       0
       1
0.536585
0.181229
       0
       1
0.534747
0.172929
       0
       1
0.533774
  0.1679
       0
       1
0.526273
   0.154
       0
       1
 0.52198
0.150004
       0
       1
0.513213
0.140856
       0
       1
0.509353
0.137331
       0
       1
0.503136
0.130111
       0
       1
0.500345
0.128131
       0
       1
0.497399
0.124253
       0
       1
0.491403
 0.11945
       0
       1
0.482827
0.113711
       0
       1
0.479266
0.110949
       0
       1
0.479266
0.110949
       0
       1
0.479266
0.110949
       0
       1
0.479266
0.110949
       0
       1
0.479266
0.110949
       0
       1
0.479266
0.110949
       0
       1
0.479266
0.110949
       0
       1
0.479266
0.110949
       0
       1
0.479266
0.110949
       0
       1
0.409549
0.126851
       0
       1
0.408324
0.130318
       0
       1
0.404951
0.135331
       0
       1
0.403875
0.139438
       0
       1
0.401222
0.144492
       0
       1
0.401687
0.149776
       0
       1
0.399533
0.154204
       0
       1
0.397853
0.157412
       0
       1
0.394717
0.157044
       0
       1
0.394222
0.160984
       0
       1
0.393055
0.161767
       0
       1
0.391404
0.164194
       0
       1
0.393133
 0.16739
       0
       1
0.393143
0.167165
       0
       1
0.395235
0.167246
       0
       1
0.394213
0.165966
       0
       1
0.395055
0.164362
       0
       1
0.394596
0.162742
       0
       1
0.391905
0.162768
       0
       1
0.389447
0.163092
       0
       1
0.388591
0.163456
       0
       1
 0.38722
0.164014
       0
       1
0.389119
0.169357
       0
       1
0.389106
0.171386
       0
       1
0.393342
0.179261
       0
       1
0.395072
0.181682
       0
       1
0.396045
0.185076
       0
       1
0.400554
0.190577
       0
       1
0.401882
0.190521
       0
       1
0.405115
0.193521
       0
       1
0.408126
0.198399
       0
       1
0.411533
0.202246
       0
       1
0.411923
0.203015
       0
       1
0.418354
0.209703
       0
       1
0.417274
0.206231
       0
       1
0.421712
0.209631
       0
       1
0.425376
0.210498
       0
       1
0.425952
0.208835
       0
       1
0.428579
0.208568
       0
       1
 0.42865
0.208049
       0
       1
0.428762
0.207896
       0
       1
0.428549
0.207232
       0
       1
0.426656
0.205155
       0
       1
 0.42569
0.205277
       0
       1
0.423905
0.203216
       0
       1
0.421091
0.200545
       0
       1
 0.41803
0.198747
       0
       1
0.416572
0.198327
       0
       1
0.413599
0.194225
       0
       1
0.409603
0.189464
       0
       1
 0.40897
0.188719
       0
       1
0.405828
0.184072
       0
       1
0.400375
0.178718
       0
       1
0.398523
0.177144
       0
       1
0.393259
0.174323
       0
       1
0.390687
0.172153
       0
       1
0.389599
0.172006
       0
       1
0.388201
0.172404
       0
       1
0.388782
0.172454
       0
       1
0.387993
 0.17051
       0
       1
0.386883
0.170766
       0
       1
0.386543
0.169902
       0
       1
0.385562
0.169044
       0
       1
0.383361
0.169327
       0
       1
0.381393
 0.16997
       0
       1
0.380194
0.171165
       0
       1
0.378525
0.172802
       0
       1
0.376206
0.176725
       0
       1
0.377432
0.178489
       0
       1
0.376397
0.180903
       0
       1
 0.37611
0.183856
       0
       1
0.374913
0.183721
       0
       1
0.373117
0.186246
       0
       1
0.372881
0.188877
       0
       1
0.372644
0.190332
       0
       1
 0.37145
0.190932
       0
       1
0.371857
0.193286
       0
       1
0.371481
0.193539
       0
       1
0.374215
 0.19441
       0
       1
0.375296
0.193824
       0
       1
0.376587
 0.19301
       0
       1
0.379852
0.191878
       0
       1
0.383949
0.189894
       0
       1
0.388822
0.188867
       0
       1
0.391099
0.186711
       0
       1
0.393645
0.183168
       0
       1
0.395065
0.181491
       0
       1
0.395959
0.178663
       0
       1
0.397115
0.176285
       0
       1
0.399846
0.172075
       0
       1
0.402455
0.170074
       0
       1
0.405278
0.165931
       0
       1
0.407956
0.163161
       0
       1
0.408955
0.161526
       0
       1
0.408955
0.158722
       0
       1
0.409757
0.157574
       0
       1
0.410308
0.158437
       0
       1
0.412173
 0.15774
       0
       1
0.415167
0.156826
       0
       1
0.417165
0.155683
       0
       1
0.416382
0.157049
       0
       1
0.417284
0.156834
       0
       1
0.417284
0.156834
       0
       1
0.417284
0.156834
       0
       1
0.417284
0.156834
       0
       1
0.417284
0.156834
       0
       1
0.417284
0.156834
       0
       1
0.417284
0.156834
       0
       1
0.417284
0.156834
       0
       1
0.417284
0.156834
       0
       1
0.416674
0.156291
       0
       1
 0.41696
0.157003
       0
       1
0.439189
0.176794
       0
       1
0.442408
0.178568
       0
       1
0.443912
0.180921
       0
       1
0.444914
0.181402
       0
       1
0.445579
0.182944
       0
       1
0.445676
0.182669
       0
       1
0.447452
0.183686
       0
       1
0.447477
0.184215
       0
       1
0.447888
0.184968
       0
       1
 0.44848
0.185213
       0
       1
 0.44771
0.187132
       0
       1
0.447968
0.190463
       0
       1
0.447627
0.190127
       0
       1
0.448262
0.190114
       0
       1
0.447986
 0.19087
       0
       1
0.447478
0.190858
       0
       1
0.447157
0.190063
       0
       1
0.446559
0.191664
       0
       1
0.445216
0.190125
       0
       1
0.445413
0.189183
       0
       1
0.444013
0.189092
       0
       1
0.441623
0.189032
       0
       1
0.440818
0.187658
       0
       1
0.439611
0.187478
       0
       1
 0.43964
0.187482
       0
       1
0.437907
 0.18518
       0
       1
0.437228
0.183781
       0
       1
0.434727
0.181596
       0
       1
 0.43129
0.178961
       0
       1
 0.43019
0.178332
       0
       1
 0.42827
0.177446
       0
       1
0.426766
 0.17631
       0
       1
0.426271
 0.17561
       0
       1
0.424306
0.173897
       0
       1
0.422601
0.173418
       0
       1
0.421221
0.173027
       0
       1
0.419741
0.171528
       0
       1
0.418328
0.171594
       0
       1
0.418039
0.171551
       0
       1
 0.41814
0.170443
       0
       1
0.419133
0.168916
       0
       1
0.419532
0.168999
       0
       1
0.420448
0.167674
       0
       1
0.421603
0.166136
       0
       1
0.422952
0.166094
       0
       1
0.423719
0.164018
       0
       1
 0.42476
0.161847
       0
       1
0.425177
0.161687
       0
       1
0.425149
0.159005
       0
       1
0.426153
0.155585
       0
       1
0.427307
0.153994
       0
       1
0.427362
0.150511
       0
       1
0.428072
0.147366
       0
       1
0.429656
0.144613
       0
       1
 0.42886
0.141586
       0
       1
0.428852
0.137447
       0
       1
0.428511
0.135285
       0
       1
0.426041
0.132414
       0
       1
0.424172
0.128574
       0
       1
0.421623
0.125344
       0
       1
0.418862
0.122397
       0
       1
0.414006
0.118151
       0
       1
0.411006
0.115561
       0
       1
0.409684
0.114532
       0
       1
0.405827
0.112628
       0
       1
0.403553
0.111475
       0
       1
0.398435
0.109149
       0
       1
0.396358
0.107546
       0
       1
0.393261
0.107011
       0
       1
0.389945
0.104812
       0
       1
 0.38558
0.104881
       0
       1
0.379594
0.105008
       0
       1
0.377526
0.105817
       0
       1
0.374541
0.105275
       0
       1
0.371942
0.107156
       0
       1
0.369761
0.106914
       0
       1
0.368479
0.106561
       0
       1
0.366925
0.108899
       0
       1
0.364336
0.110003
       0
       1
0.363447
 0.10891
       0
       1
0.362347
 0.10944
       0
       1
0.360525
0.109133
       0
       1
 0.35999
0.108428
       0
       1
0.359535
0.107906
       0
       1
0.359897
0.108918
       0
       1
 0.36065
0.106511
       0
       1
0.362124
0.105872
       0
       1
0.362061
0.103684
       0
       1
 0.36225
0.100856
       0
        1
 0.361264
0.0983725
        0
        1
 0.358625
0.0954501
        0
        1
 0.356312
0.0937812
        0
        1
 0.355823
0.0921805
        0
        1
 0.354122
0.0904887
        0
        1
 0.352653
0.0888086
        0
        1
 0.352562
0.0879424
        0
        1
 0.352079
0.0871007
        0
        1
 0.351257
0.0856961
        0
        1
  0.35097
0.0849402
        0
        1
 0.350629
0.0823798
        0
        1
  0.34972
0.0798318
        0
        1
 0.349801
0.0800531
        0
        1
 0.349801
0.0800531
        0
        1
 0.349801
0.0800531
        0
        1
 0.349801
0.0800531
        0
        1
 0.349801
0.0800531
        0
        1
 0.349801
0.0800531
        0
        1
 0.349801
0.0800531
        0
        1
 0.349801
0.0800531
        0
        1
 0.349801
0.0800531
        0
        1
  0.34977
0.0805724
        0
        1
 0.357285
0.0807382
        0
       1
0.359996
0.084123
       0
        1
 0.361612
0.0839564
        0
        1
 0.361349
0.0853268
        0
        1
 0.362654
0.0840882
        0
        1
 0.363765
0.0857199
        0
        1
 0.364899
0.0853025
        0
        1
 0.364508
0.0857806
        0
        1
 0.365871
0.0855096
        0
        1
 0.366184
0.0867429
        0
        1
 0.366459
0.0865144
        0
        1
 0.365678
0.0864948
        0
       1
0.365722
0.087086
       0
        1
 0.364166
0.0873921
        0
        1
 0.363507
0.0887106
        0
        1
 0.362049
0.0901678
        0
        1
  0.36083
0.0914257
        0
        1
 0.359849
0.0924484
        0
        1
 0.356844
0.0943011
        0
        1
 0.356296
0.0940423
        0
        1
 0.354509
0.0958045
        0
        1
 0.353435
0.0957922
        0
        1
 0.352205
0.0958058
        0
        1
 0.351684
0.0961705
        0
        1
 0.349831
0.0975999
        0
        1
 0.347678
0.0971528
        0
        1
   0.3462
0.0969342
        0
        1
 0.346189
0.0957989
        0
        1
 0.344578
0.0949145
        0
        1
 0.344006
0.0944832
        0
        1
  0.34278
0.0921349
        0
        1
 0.342681
0.0906946
        0
        1
 0.341679
0.0883764
        0
        1
 0.341272
0.0885781
        0
        1
  0.34096
0.0853417
        0
        1
 0.340922
0.0852217
        0
        1
 0.340213
0.0834598
        0
        1
 0.339935
0.0821603
        0
        1
   0.3402
0.0780356
        0
       1
0.339952
0.075705
       0
        1
  0.33828
0.0723331
        0
        1
 0.338688
0.0711922
        0
       1
0.337205
0.068993
       0
        1
 0.335481
0.0656888
        0
        1
 0.333766
0.0635983
        0
        1
  0.33376
0.0629013
        0
       1
0.331514
0.061801
       0
        1
 0.331032
0.0622797
        0
        1
 0.330305
0.0616927
        0
        1
 0.328758
0.0605869
        0
        1
 0.327637
0.0611871
        0
        1
 0.327313
0.0614869
        0
        1
 0.327326
0.0611601
        0
        1
 0.327237
0.0625318
        0
        1
 0.327592
0.0631552
        0
        1
 0.327328
0.0639554
        0
       1
0.327743
0.065246
       0
        1
 0.328954
0.0683531
        0
        1
 0.329767
0.0677226
        0
        1
 0.331529
0.0702199
        0
        1
 0.333061
0.0715994
        0
        1
 0.335686
0.0708398
        0
        1
 0.337928
0.0724252
        0
        1
 0.340406
0.0727153
        0
        1
 0.341706
0.0722529
        0
        1
 0.345181
0.0720975
        0
        1
 0.346417
0.0722753
        0
        1
 0.348317
0.0698782
        0
        1
 0.349655
0.0689668
        0
        1
 0.350692
0.0678316
        0
        1
 0.350894
0.0646184
        0
       1
0.351518
0.063832
       0
        1
 0.351544
0.0606061
        0
        1
 0.351151
0.0604003
        0
        1
 0.352215
0.0588359
        0
        1
 0.352293
0.0572554
        0
        1
 0.351138
0.0545452
        0
        1
 0.350001
0.0505199
        0
        1
 0.350589
0.0500371
        0
        1
 0.348297
0.0471641
        0
        1
 0.346762
0.0458655
        0
       1
0.346908
0.045916
       0
        1
 0.345002
0.0450895
        0
        1
 0.344105
0.0453742
        0
        1
 0.343163
0.0450131
        0
        1
 0.342721
0.0440911
        0
        1
 0.342068
0.0452555
        0
        1
 0.341496
0.0462493
        0
        1
 0.341878
0.0468443
        0
        1
 0.342002
0.0487756
        0
        1
  0.34299
0.0499441
        0
        1
 0.344932
0.0507894
        0
        1
  0.34765
0.0530759
        0
        1
 0.349452
0.0554128
        0
        1
  0.35214
0.0558387
        0
        1
 0.355154
0.0578623
        0
        1
 0.356465
0.0603638
        0
        1
  0.35959
0.0621135
        0
        1
  0.36185
0.0622193
        0
       1
0.363522
0.065042
       0
        1
 0.365231
0.0651432
        0
        1
 0.365231
0.0651432
        0
        1
 0.365231
0.0651432
        0
        1
 0.365231
0.0651432
        0
        1
 0.365231
0.0651432
        0
        1
 0.365231
0.0651432
        0
        1
 0.365231
0.0651432
        0
        1
 0.365231
0.0651432
        0
        1
 0.365231
0.0651432
        0
        1
 0.365231
0.0651432
        0
        1
 0.365053
0.0665847
        0
        1
 0.367933
0.0679302
        0
        1
 0.369157
0.0703188
        0
        1
 0.369157
0.0703188
        0
        1
 0.369157
0.0703188
        0
        1
 0.369157
0.0703188
        0
        1
 0.369157
0.0703188
        0
        1
 0.369157
0.0703188
        0
        1
 0.369157
0.0703188
        0
        1
 0.369157
0.0703188
        0
        1
 0.369157
0.0703188
        0
        1
 0.382114
0.0738477
        0
        1
 0.389541
0.0672203
        0
        1
 0.390804
0.0680747
        0
        1
 0.391719
0.0667932
        0
        1
 0.392751
0.0678125
        0
        1
 0.392419
0.0660712
        0
        1
 0.394518
0.0656856
        0
        1
 0.395469
0.0655838
        0
        1
 0.395796
0.0670228
        0
        1
 0.398157
0.0658418
        0
        1
 0.399289
0.0661416
        0
        1
 0.401705
0.0667173
        0
        1
 0.401905
0.0670506
        0
        1
 0.404697
0.0674053
        0
        1
 0.408246
0.0674187
        0
        1
 0.410378
0.0678896
        0
        1
  0.41358
0.0678228
        0
        1
 0.416587
0.0675773
        0
        1
  0.41856
0.0658902
        0
        1
 0.422048
0.0634799
        0
        1
 0.426059
0.0630204
        0
        1
 0.427498
0.0612284
        0
        1
 0.429885
0.0603954
        0
        1
 0.432503
0.0604095
        0
        1
 0.437977
0.0568896
        0
        1
 0.441042
0.0549197
        0
        1
 0.445108
0.0534291
        0
        1
 0.447903
0.0508456
        0
       1
0.451877
0.048472
       0
        1
  0.45855
0.0424984
        0
        1
 0.463469
0.0391283
        0
        1
 0.468155
0.0338981
        0
        1
 0.471663
0.0325445
        0
        1
 0.478081
0.0234029
        0
        1
 0.482951
0.0143355
        0
       1
0.485866
 0.01166
       0
         1
  0.488166
0.00694777
         0
         1
  0.490535
0.00357075
         0
       1
0.492316
       0
       0
       1
0.492829
       0
       0
       1
0.493243
       0
       0
       1
0.491888
       0
       0
       1
0.488213
       0
       0
       1
0.487266
       0
       0
       1
0.479195
       0
       0
       1
0.474526
       0
       0
      1
0.46954
      0
      0
      1
0.46653
      0
      0
       1
0.460079
       0
       0
       1
0.447478
       0
       0
       1
0.441726
       0
       0
       1
0.437174
       0
       0
      1
0.43473
      0
      0
         1
  0.426891
0.00896404
         0
        1
 0.423006
0.0124922
        0
        1
 0.418324
0.0206084
        0
        1
 0.411053
0.0324726
        0
        1
 0.407441
0.0412585
        0
        1
 0.402751
0.0494711
        0
        1
 0.401177
0.0558499
        0
        1
 0.393179
0.0728026
        0
        1
 0.391727
0.0763702
        0
        1
 0.389174
0.0864514
        0
        1
 0.388343
0.0949711
        0
       1
0.387721
0.101734
       0
       1
0.388085
0.112138
       0
       1
0.390267
0.117392
       0
       1
0.392882
 0.12325
       0
       1
0.396252
0.127943
       0
       1
0.399719
  0.1361
       0
       1
0.404529
0.140225
       0
       1
0.410351
0.145931
       0
       1
0.417621
0.146223
       0
       1
0.422255
0.148471
       0
       1
0.426042
0.149819
       0
       1
0.431678
0.149579
       0
       1
0.437236
0.150159
       0
       1
0.444789
0.149347
       0
       1
0.451331
0.149151
       0
       1
0.456102
0.148049
       0
       1
0.462421
0.147344
       0
       1
0.469486
0.143945
       0
       1
0.476233
0.141386
       0
       1
 0.48507
0.137622
       0
       1
0.490762
0.133867
       0
       1
0.495793
0.130735
       0
       1
0.499424
0.129683
       0
       1
0.504038
0.126115
       0
       1
 0.51128
0.121175
       0
       1
0.518083
0.115375
       0
       1
0.523793
0.113887
       0
       1
0.526086
0.111864
       0
       1
0.528737
0.111827
       0
       1
0.533791
0.106586
       0
       1
0.537625
0.103396
       0
       1
0.539627
0.103411
       0
       1
0.542125
0.100054
       0
        1
 0.544865
0.0994358
        0
        1
 0.547771
0.0976018
        0
        1
 0.553204
0.0968791
        0
        1
 0.558964
0.0978235
        0
        1
 0.564286
0.0965834
        0
        1
  0.56443
0.0967765
        0
        1
  0.56443
0.0967765
        0
        1
  0.56443
0.0967765
        0
        1
  0.56443
0.0967765
        0
        1
  0.56443
0.0967765
        0
        1
  0.56443
0.0967765
        0
        1
  0.56443
0.0967765
        0
        1
  0.56443
0.0967765
        0
        1
  0.56443
0.0967765
        0
        1
 0.566051
0.0977018
        0
       1
0.618994
0.100795
       0
       1
0.623489
 0.10201
       0
       1
0.628974
0.103392
       0
       1
0.630593
0.104543
       0
       1
0.636552
0.107197
       0
       1
0.637599
 0.10815
       0
       1
 0.64166
0.111165
       0
       1
  0.6497
0.116967
       0
       1
0.652418
0.119309
       0
       1
0.655889
0.121559
       0
       1
0.660255
0.124192
       0
       1
0.664381
0.125317
       0
       1
0.664881
0.123514
       0
       1
 0.66523
0.125079
       0
       1
0.663006
0.123842
       0
      1
0.66085
0.12459
      0
       1
0.655318
0.127509
       0
       1
0.652262
0.129699
       0
       1
0.645296
0.131595
       0
       1
0.642614
0.130667
       0
       1
0.636542
0.132236
       0
       1
0.633816
0.131899
       0
       1
0.625534
0.134187
       0
       1
0.617147
0.136718
       0
       1
 0.61369
0.139401
       0
       1
0.609571
0.140389
       0
       1
0.603537
0.142213
       0
       1
0.596383
0.143029
       0
       1
0.595831
0.143509
       0
       1
0.590964
0.144659
       0
       1
0.589749
0.145606
       0
       1
0.585441
0.147058
       0
       1
0.582242
0.148042
       0
       1
0.579041
0.149628
       0
       1
0.578416
0.152003
       0
       1
0.577107
0.153367
       0
       1
0.576737
0.155281
       0
       1
0.576027
 0.15941
       0
       1
0.577095
0.160437
       0
       1
0.576741
 0.16167
       0
       1
0.577539
0.164233
       0
       1
0.577986
0.167227
       0
       1
 0.57828
0.169173
       0
       1
0.579839
0.173228
       0
       1
0.580599
0.175067
       0
       1
0.582556
0.177977
       0
       1
0.585158
0.181809
       0
       1
0.585756
0.183422
       0
       1
0.586333
0.184292
       0
       1
0.587254
0.184527
       0
       1
0.586679
0.188034
       0
       1
0.587803
0.188929
       0
       1
0.588233
0.192184
       0
       1
0.588998
0.195042
       0
       1
0.589903
0.197336
       0
       1
0.592282
0.198277
       0
       1
0.594857
0.197713
       0
       1
0.596395
0.196859
       0
       1
0.599318
0.194282
       0
       1
0.599893
0.190848
       0
       1
 0.60031
0.190769
       0
       1
0.601508
0.188909
       0
       1
0.600967
0.187772
       0
       1
0.598813
0.184901
       0
       1
0.596409
0.181371
       0
       1
0.595867
0.179189
       0
       1
0.591458
0.174205
       0
       1
0.589847
0.172989
       0
       1
0.584688
0.168392
       0
       1
0.581603
0.167821
       0
       1
0.578473
0.167568
       0
       1
0.575706
0.167417
       0
       1
0.569839
0.166536
       0
       1
0.563847
0.166451
       0
       1
0.562122
0.168693
       0
       1
0.558167
0.170035
       0
       1
0.556093
0.174909
       0
       1
0.554091
0.181672
       0
       1
0.554631
0.186425
       0
       1
0.556524
 0.19105
       0
       1
0.558003
0.194933
       0
       1
 0.56171
0.200238
       0
       1
0.566926
 0.20812
       0
       1
0.569719
0.212843
       0
       1
0.573678
0.217694
       0
       1
0.579166
0.221548
       0
       1
0.584019
0.223881
       0
       1
0.587842
0.227003
       0
       1
0.597249
0.230726
       0
       1
0.605118
0.232311
       0
       1
0.609116
0.235115
       0
       1
0.616542
0.235596
       0
       1
0.620118
0.234422
       0
       1
0.627542
0.233961
       0
       1
0.634437
 0.23219
       0
       1
0.638899
0.230956
       0
       1
0.641447
0.230673
       0
       1
0.642833
0.229943
       0
       1
0.645085
0.227646
       0
       1
0.645536
0.225716
       0
       1
0.648351
0.223555
       0
       1
0.648068
  0.2228
       0
       1
0.648068
  0.2228
       0
       1
0.648068
  0.2228
       0
       1
0.648068
  0.2228
       0
       1
0.648068
  0.2228
       0
       1
0.648068
  0.2228
       0
       1
0.648068
  0.2228
       0
       1
0.648068
  0.2228
       0
       1
0.648068
  0.2228
       0
       1
 0.61514
0.200478
       0
       1
0.609649
0.198969
       0
       1
0.606929
0.200269
       0
       1
0.604589
0.199903
       0
       1
0.599715
0.202378
       0
       1
 0.59539
0.202602
       0
       1
0.591139
0.205205
       0
       1
0.587568
0.208604
       0
       1
0.584314
0.209832
       0
       1
0.580573
0.211471
       0
       1
0.574372
0.214439
       0
       1
0.568095
0.216991
       0
       1
0.564342
0.218898
       0
       1
0.561765
0.220679
       0
       1
0.559899
0.222778
       0
       1
0.557687
0.226501
       0
       1
0.555959
0.229661
       0
       1
0.556646
0.232117
       0
       1
0.556289
  0.2322
       0
       1
0.555572
0.233453
       0
       1
0.554951
0.232185
       0
       1
 0.55575
0.229682
       0
       1
0.553863
0.226711
       0
       1
0.554198
0.225549
       0
       1
0.553711
 0.22129
       0
       1
0.553141
0.215814
       0
       1
0.550811
0.210919
       0
       1
0.548538
0.206127
       0
       1
0.546167
0.201467
       0
       1
0.541782
0.197905
       0
       1
 0.53956
0.195048
       0
       1
0.531091
0.188939
       0
       1
0.527823
0.185899
       0
       1
0.524627
0.183936
       0
       1
0.521707
0.181329
       0
       1
0.520438
0.180389
       0
       1
0.516654
0.178059
       0
       1
0.514427
0.177239
       0
       1
0.512015
0.173695
       0
       1
0.509088
 0.17188
       0
       1
 0.50496
0.169221
       0
       1
0.499573
0.164005
       0
       1
0.496601
0.163626
       0
       1
0.492119
0.161605
       0
      1
0.49017
0.16253
      0
       1
0.484533
0.162049
       0
       1
0.478088
0.163377
       0
       1
0.476046
0.165584
       0
       1
0.476426
0.166501
       0
       1
0.474395
0.168942
       0
       1
0.473524
0.171027
       0
       1
0.474519
0.173019
       0
       1
0.473497
0.174177
       0
       1
0.474057
 0.17564
       0
      1
0.47326
0.18063
      0
       1
0.473736
0.183775
       0
       1
0.474049
0.187656
       0
       1
0.474559
0.190735
       0
       1
0.475125
0.193604
       0
       1
0.475812
 0.19621
       0
       1
0.476209
0.199543
       0
       1
0.477095
0.201467
       0
       1
0.478052
0.203851
       0
       1
0.479723
0.205838
       0
       1
0.480928
0.209308
       0
       1
0.482642
0.209829
       0
       1
0.484205
 0.21209
       0
       1
0.485466
0.211634
       0
       1
0.488991
0.213688
       0
       1
0.490768
0.216367
       0
       1
0.492159
0.217125
       0
       1
0.494061
0.218467
       0
       1
0.497962
0.219955
       0
       1
0.500057
0.221838
       0
       1
0.502283
0.221747
       0
       1
0.505944
0.224729
       0
       1
0.506958
0.225334
       0
       1
0.511645
0.227808
       0
       1
0.516442
0.228766
       0
       1
0.518393
0.229339
       0
       1
0.524214
0.230214
       0
       1
0.526685
0.230109
       0
       1
0.530841
0.231647
       0
       1
0.533019
0.231659
       0
       1
 0.53502
0.230982
       0
       1
0.536548
0.231578
       0
       1
0.536726
0.231176
       0
       1
0.536849
 0.23062
       0
       1
0.536612
0.229896
       0
       1
0.534846
 0.22863
       0
       1
0.532861
0.228853
       0
       1
0.530603
0.227618
       0
       1
0.527724
0.227434
       0
       1
0.525212
0.228202
       0
       1
0.522359
0.227815
       0
       1
 0.52087
0.227193
       0
       1
0.515409
0.227615
       0
       1
 0.51236
0.227805
       0
       1
0.509258
0.226987
       0
       1
0.506859
0.228312
       0
       1
0.505211
0.229042
       0
       1
0.504365
0.229911
       0
       1
0.504365
0.229911
       0
       1
0.504365
0.229911
       0
       1
0.504365
0.229911
       0
       1
0.504365
0.229911
       0
       1
0.504365
0.229911
       0
       1
0.504365
0.229911
       0
       1
0.504365
0.229911
       0
       1
0.504365
0.229911
       0
       1
0.502078
0.229319
       0
       1
0.501802
0.229477
       0
       1
0.490969
0.262607
       0
       1
0.491818
0.264318
       0
       1
0.491527
0.265878
       0
       1
0.493282
 0.26888
       0
       1
0.492859
0.271617
       0
       1
0.494216
0.273583
       0
       1
0.494165
0.273406
       0
       1
0.495096
0.274692
       0
       1
0.496145
0.275866
       0
       1
 0.49735
0.275081
       0
       1
0.497511
0.275516
       0
       1
0.500064
0.275443
       0
       1
0.506948
0.275103
       0
       1
 0.51283
0.273365
       0
       1
0.522101
0.268161
       0
       1
0.528931
0.253286
       0
       1
0.528756
0.241984
       0
       1
0.526605
0.231595
       0
       1
0.525522
0.223303
       0
       1
0.523876
0.215303
       0
       1
0.522634
0.214383
       0
       1
 0.52108
0.212851
       0
       1
0.521053
0.213509
       0
       1
0.521605
0.218756
       0
       1
0.522738
0.224597
       0
       1
0.525946
0.224845
       0
       1
0.529982
0.223356
       0
       1
0.534766
0.223709
       0
       1
0.539982
0.222314
       0
       1
0.545119
0.221868
       0
       1
0.555369
0.220791
       0
       1
0.562807
  0.2177
       0
       1
0.570599
0.212134
       0
       1
0.576763
0.206417
       0
       1
  0.5792
0.202127
       0
       1
0.582871
0.197811
       0
       1
0.586819
0.195313
       0
       1
0.591478
0.193575
       0
       1
0.594187
0.191995
       0
       1
0.597682
0.187969
       0
       1
0.604387
0.182125
       0
       1
0.599562
0.177541
       0
       1
0.580717
 0.16798
       0
       1
0.577042
0.167801
       0
       1
0.582941
 0.17107
       0
       1
0.584974
0.170943
       0
       1
0.579167
0.168205
       0
       1
0.577258
 0.16929
       0
       1
0.578966
0.171827
       0
       1
0.578962
0.172718
       0
       1
0.576596
 0.17298
       0
       1
0.576908
0.176452
       0
       1
0.579328
0.177275
       0
       1
0.581732
  0.1774
       0
       1
0.581936
0.177246
       0
       1
0.581807
0.176353
       0
       1
0.582845
0.175806
       0
       1
0.582472
0.177226
       0
       1
0.582062
0.176397
       0
       1
0.581391
0.175675
       0
       1
0.580161
 0.17635
       0
       1
0.580788
0.175521
       0
       1
0.580365
0.174861
       0
       1
 0.57983
0.176183
       0
       1
0.578981
  0.1774
       0
       1
0.578136
 0.17767
       0
       1
0.579035
0.178513
       0
       1
0.578864
0.178232
       0
       1
0.579717
0.177955
       0
       1
0.579857
0.176638
       0
       1
0.579962
0.176465
       0
       1
 0.57903
0.176292
       0
       1
0.579265
0.176992
       0
       1
0.577594
0.177158
       0
       1
0.576694
0.177547
       0
       1
0.577434
0.177967
       0
       1
0.577484
0.177245
       0
       1
0.577097
0.175849
       0
       1
0.577534
0.176419
       0
       1
0.577452
0.175982
       0
       1
0.575926
0.176762
       0
       1
0.575731
0.178254
       0
       1
0.574645
0.178904
       0
       1
0.574808
0.178855
       0
       1
0.575336
0.179441
       0
       1
0.575604
0.178898
       0
       1
0.576209
 0.17777
       0
       1
0.576129
0.178426
       0
       1
 0.57579
0.177897
       0
       1
0.575275
 0.17755
       0
       1
0.574761
0.178814
       0
       1
0.573624
0.179152
       0
       1
0.574103
0.179634
       0
       1
0.574951
0.179211
       0
       1
 0.57472
0.179183
       0
       1
0.574537
0.178928
       0
       1
0.575419
0.179378
       0
       1
0.573976
0.179582
       0
       1
0.574164
0.179489
       0
       1
0.574575
0.179293
       0
       1
0.573668
0.179157
       0
       1
0.573668
0.179157
       0
       1
0.573668
0.179157
       0
       1
0.573668
0.179157
       0
       1
0.573668
0.179157
       0
       1
0.573668
0.179157
       0
       1
0.573668
0.179157
       0
       1
0.573668
0.179157
       0
       1
0.573668
0.179157
       0
       1
0.573855
 0.17905
       0
       1
0.573754
0.178995
       0
       1
0.573009
0.181236
       0
       1
0.572744
0.181707
       0
       1
0.572431
0.180559
       0
       1
0.572812
0.181629
       0
       1
0.573452
0.181031
       0
       1
0.573092
0.180366
       0
       1
0.573382
 0.18086
       0
       1
0.572848
0.181069
       0
       1
0.572484
0.180658
       0
       1
0.572378
0.181334
       0
       1
0.572331
0.181771
       0
       1
0.572774
0.180803
       0
       1
0.572859
0.181774
       0
       1
0.572258
 0.18184
       0
       1
0.573249
0.181571
       0
       1
0.573153
0.181671
       0
       1
0.572105
0.182106
       0
       1
0.572755
0.181724
       0
       1
 0.57264
0.181244
       0
       1
0.572658
0.181955
       0
       1
0.572108
0.181817
       0
       1
0.573128
0.182255
       0
       1
0.572249
0.182571
       0
       1
0.572986
0.182575
       0
       1
0.572144
 0.18243
       0
       1
0.572889
0.182759
       0
       1
0.572005
0.181966
       0
       1
0.572862
0.182495
       0
       1
0.572539
0.182317
       0
       1
0.571619
0.182679
       0
       1
0.571724
0.182805
       0
       1
0.572312
0.183152
       0
       1
0.571923
0.182626
       0
       1
0.572581
0.183453
       0
       1
0.572831
0.182793
       0
       1
0.572568
0.183441
       0
       1
0.572444
0.183514
       0
       1
0.572249
0.183645
       0
       1
0.572021
0.182712
       0
       1
0.572315
0.183284
       0
       1
0.572634
 0.18346
       0
       1
0.571773
0.183432
       0
       1
0.572411
0.183974
       0
       1
0.571967
0.184216
       0
       1
0.571692
0.184072
       0
       1
0.572929
0.183949
       0
       1
0.572011
0.184119
       0
       1
0.572301
0.183176
       0
       1
0.572791
0.183986
       0
       1
0.572856
0.184206
       0
       1
0.571372
 0.18404
       0
       1
0.572734
0.184399
       0
       1
0.571864
0.184396
       0
       1
0.571755
0.183688
       0
       1
0.573149
0.184069
       0
       1
0.572863
0.184253
       0
       1
0.571745
 0.18373
       0
       1
0.572456
0.184745
       0
       1
0.572647
0.184755
       0
       1
0.571651
0.184434
       0
       1
0.572353
 0.18473
       0
       1
0.572492
0.184515
       0
       1
0.572098
0.184246
       0
       1
0.571902
0.184477
       0
       1
0.572523
0.184916
       0
       1
 0.57202
0.184168
       0
       1
0.572241
0.184908
       0
       1
0.572454
0.184573
       0
       1
0.572441
0.184124
       0
       1
0.572489
0.184963
       0
       1
0.572156
0.184762
       0
       1
0.572314
0.184587
       0
       1
0.572547
0.184523
       0
       1
 0.57228
0.184987
       0
       1
  0.5725
0.184158
       0
       1
0.572351
0.184467
       0
       1
0.572154
0.185095
       0
       1
0.572804
 0.18451
       0
       1
0.572766
0.185033
       0
       1
0.571935
0.185359
       0
       1
0.571586
0.184743
       0
       1
  0.5724
0.184671
       0
       1
0.573414
0.185028
       0
       1
0.572491
0.185093
       0
       1
0.572827
0.184423
       0
       1
0.572121
0.184896
       0
       1
0.572341
 0.18528
       0
       1
 0.57307
0.185073
       0
       1
0.572727
0.185127
       0
       1
0.571958
0.184545
       0
       1
 0.57186
0.184842
       0
       1
0.573561
0.185511
       0
       1
 0.57208
0.184861
       0
       1
0.572833
0.185156
       0
       1
0.573048
0.184962
       0
       1
0.572555
0.185012
       0
       1
0.572837
0.185248
       0
       1
0.573266
0.185058
       0
       1
0.572605
0.184495
       0
       1
0.572472
0.185477
       0
       1
0.572857
0.185448
       0
       1
0.573054
0.185415
       0
       1
0.573054
0.185415
       0
       1
0.573054
0.185415
       0
       1
0.573054
0.185415
       0
       1
0.573054
0.185415
       0
       1
0.573054
0.185415
       0
       1
0.573054
0.185415
       0
       1
0.573054
0.185415
       0
       1
0.573054
0.185415
       0
       1
0.572962
0.185217
       0
       1
0.572357
0.185478
       0
       1
0.572633
0.185084
       0
       1
0.572221
0.184634
       0
       1
0.572518
0.185117
       0
       1
0.572946
0.185244
       0
       1
0.572566
0.184617
       0
       1
0.573451
0.184883
       0
       1
0.573138
0.184929
       0
       1
0.572523
0.184482
       0
       1
0.572883
0.185257
       0
       1
0.572996
0.184904
       0
       1
0.572495
0.184304
       0
       1
0.572537
 0.18453
       0
       1
0.573338
0.185449
       0
       1
0.572828
0.184388
       0
       1
0.572654
0.185169
       0
       1
0.573158
0.185676
       0
       1
0.572643
0.184337
       0
       1
 0.57267
0.185374
       0
       1
 0.57283
0.185024
       0
       1
0.572797
0.184621
       0
       1
0.572673
0.184668
       0
       1
0.572872
0.185488
       0
       1
0.572671
0.185225
       0
       1
0.572698
0.185419
       0
       1
0.573264
0.185193
       0
       1
  0.5726
0.184705
       0
       1
0.573165
0.184556
       0
       1
0.573012
0.184991
       0
       1
0.572187
0.184916
       0
       1
0.573207
0.184831
       0
       1
0.572572
0.185694
       0
       1
 0.57252
0.184694
       0
       1
0.572109
0.184825
       0
       1
0.573849
0.185231
       0
       1
0.572173
0.184941
       0
       1
0.573295
0.184873
       0
       1
 0.57289
0.185446
       0
       1
0.573225
 0.18541
       0
       1
0.572408
0.185159
       0
       1
0.573066
0.185246
       0
       1
0.572181
0.185101
       0
       1
0.572556
0.185013
       0
       1
0.572546
0.184897
       0
       1
0.572906
0.184829
       0
       1
0.572755
0.185454
       0
      1
0.57306
0.18552
      0
       1
0.572245
0.185131
       0
       1
0.572794
0.185724
       0
       1
 0.57301
0.185724
       0
       1
0.572666
0.185161
       0
       1
0.572727
0.184691
       0
       1
0.572933
0.185473
       0
       1
0.572734
 0.18539
       0
       1
0.572593
 0.18496
       0
       1
0.572854
0.185529
       0
       1
0.572814
0.184648
       0
       1
0.573022
0.185312
       0
       1
0.572872
0.186036
       0
       1
0.573071
0.185293
       0
       1
0.572585
0.185501
       0
       1
0.573199
 0.18557
       0
       1
0.572623
0.184833
       0
       1
0.572371
0.185163
       0
       1
0.573815
0.185297
       0
       1
 0.57237
0.185131
       0
       1
0.573525
0.185038
       0
       1
0.573563
0.185667
       0
       1
0.573494
0.185464
       0
       1
 0.57234
0.185244
       0
       1
0.573466
0.185621
       0
       1
0.572625
0.185215
       0
       1
 0.57334
0.185277
       0
       1
0.572515
0.185563
       0
       1
0.573264
0.185035
       0
       1
 0.57228
0.185185
       0
       1
0.573618
0.186169
       0
       1
0.573379
0.185013
       0
       1
0.572897
0.185223
       0
       1
0.573409
0.185602
       0
       1
0.573534
0.186115
       0
       1
0.572728
0.184949
       0
       1
0.573265
0.186192
       0
       1
0.573322
 0.18527
       0
       1
0.573251
0.185763
       0
       1
0.573317
0.185954
       0
       1
0.573202
0.186098
       0
       1
0.573517
0.185023
       0
       1
0.573145
0.186073
       0
       1
0.573332
0.185919
       0
       1
0.572955
0.185602
       0
       1
0.573545
0.185923
       0
       1
0.573215
0.185164
       0
       1
 0.57371
0.185281
       0
       1
0.573462
 0.18525
       0
       1
0.573103
0.185348
       0
       1
0.573329
0.185616
       0
       1
0.573794
0.185812
       0
       1
0.573793
0.185586
       0
       1
0.572545
0.185732
       0
       1
0.573886
0.185904
       0
       1
0.572932
0.185603
       0
       1
0.572932
0.185603
       0
       1
0.572932
0.185603
       0
       1
0.572932
0.185603
       0
       1
0.572932
0.185603
       0
       1
0.572932
0.185603
       0
       1
0.572932
0.185603
       0
       1
0.572932
0.185603
       0
       1
0.572932
0.185603
       0
       1
0.573841
  0.1859
       0
       1
0.573674
0.186741
       0
       1
0.573757
0.185866
       0
       1
0.573148
  0.1859
       0
       1
0.573688
0.186596
       0
       1
0.573454
0.185757
       0
       1
0.573524
0.186222
       0
       1
0.573281
0.185432
       0
       1
0.573618
0.186411
       0
       1
0.573415
0.186598
       0
       1
0.573165
0.186041
       0
       1
0.573714
0.186244
       0
       1
0.573453
0.186539
       0
       1
0.573779
 0.18599
       0
       1
0.573572
 0.18675
       0
       1
0.573562
0.186894
       0
       1
0.573311
 0.18629
       0
       1
0.573189
0.186848
       0
       1
0.573154
 0.18618
       0
       1
0.574017
0.185909
       0
       1
0.573533
0.186758
       0
       1
0.573042
0.186369
       0
       1
0.573104
0.186318
       0
       1
0.574212
0.186662
       0
       1
0.574515
  0.1866
       0
       1
0.572674
0.186275
       0
       1
0.574214
0.186979
       0
       1
0.573061
 0.18648
       0
       1
0.573515
0.186559
       0
       1
0.572647
0.186204
       0
       1
0.574053
0.186568
       0
       1
0.572927
0.186145
       0
       1
0.574032
0.187079
       0
       1
0.573957
0.187198
       0
       1
0.573166
0.186063
       0
       1
0.573705
0.187404
       0
       1
0.573564
0.187141
       0
       1
0.573589
0.186416
       0
       1
0.573535
0.186992
       0
       1
0.573705
0.187098
       0
       1
 0.57345
0.186911
       0
       1
0.573822
0.187066
       0
       1
0.573729
0.187197
       0
       1
0.573577
0.186657
       0
       1
0.573729
0.187349
       0
       1
0.574019
0.186842
       0
       1
0.573286
0.187232
       0
       1
 0.57367
0.187081
       0
       1
0.573184
0.187209
       0
       1
 0.57408
0.186524
       0
       1
0.573396
 0.18685
       0
       1
0.573366
0.186983
       0
       1
0.573147
0.186879
       0
       1
0.574232
0.187429
       0
       1
0.573112
0.187094
       0
       1
 0.57382
0.186578
       0
       1
0.574201
0.187234
       0
       1
0.574308
 0.18732
       0
       1
 0.57285
0.186633
       0
       1
0.573581
 0.18704
       0
       1
0.573976
0.186905
       0
       1
 0.57354
0.186914
       0
       1
0.573469
0.187564
       0
       1
 0.57292
0.187205
       0
       1
0.573427
  0.1872
       0
       1
0.573566
0.187632
       0
       1
0.573459
0.187437
       0
       1
0.573202
0.186409
       0
       1
0.573325
 0.18661
       0
       1
0.573658
0.187742
       0
       1
 0.57373
0.187782
       0
       1
 0.57354
0.187202
       0
       1
0.573614
0.187806
       0
       1
0.573559
0.187088
       0
       1
0.573463
0.187528
       0
       1
0.573632
0.187176
       0
       1
0.573048
0.187143
       0
       1
0.573535
0.187081
       0
       1
0.573149
0.187707
       0
       1
 0.57306
0.187335
       0
       1
0.573861
0.187386
       0
       1
0.573079
0.187598
       0
       1
0.573083
0.187338
       0
       1
0.573979
0.187791
       0
       1
0.574195
0.187377
       0
       1
0.572669
0.187148
       0
       1
0.573302
0.187267
       0
       1
0.573675
  0.1873
       0
       1
0.573316
0.187196
       0
       1
0.573691
0.187971
       0
       1
0.573263
0.187422
       0
       1
0.573342
0.187131
       0
       1
0.573504
0.188141
       0
       1
0.573785
  0.1879
       0
       1
0.572831
0.186552
       0
       1
0.573632
0.187948
       0
       1
0.573657
0.187765
       0
       1
0.573168
0.187235
       0
       1
 0.57353
0.188053
       0
       1
0.573694
0.187898
       0
       1
0.573408
0.186925
       0
       1
0.573408
0.186925
       0
       1
0.573408
0.186925
       0
       1
0.573408
0.186925
       0
       1
0.573408
0.186925
       0
       1
0.573408
0.186925
       0
       1
0.573408
0.186925
       0
       1
0.573408
0.186925
       0
       1
0.573408
0.186925
       0
       1
0.573408
0.186925
       0
       1
0.573248
0.187686
       0
       1
0.573603
0.187145
       0
       1
0.573354
0.186863
       0
       1
0.573354
0.186863
       0
       1
0.573354
0.186863
       0
       1
0.573354
0.186863
       0
       1
0.573354
0.186863
       0
       1
0.573354
0.186863
       0
       1
0.573354
0.186863
       0
       1
0.573354
0.186863
       0
       1
0.573354
0.186863
       0
       1
0.573429
 0.18811
       0
       1
0.573278
0.187139
       0
       1
0.572824
0.187829
       0
       1
0.573645
0.187765
       0
       1
0.572548
0.187943
       0
       1
0.572604
0.188055
       0
       1
0.572958
0.187194
       0
       1
0.573206
0.187376
       0
       1
0.573115
0.187983
       0
       1
0.573497
0.187864
       0
       1
0.573582
0.187676
       0
       1
0.572638
0.188114
       0
       1
0.573502
0.188049
       0
       1
0.572802
0.187358
       0
       1
0.573029
0.188315
       0
       1
0.573156
0.188185
       0
       1
0.572627
0.187691
       0
       1
0.573037
0.188053
       0
       1
0.573077
0.188297
       0
       1
0.572238
0.187475
       0
