6.83105
6.43377
 6.7694
6.58126
6.83069
6.43382
6.76956
6.58087
6.83034
6.43387
6.76972
6.58048
6.83001
6.43393
6.76985
 6.5801
6.82969
6.43398
6.76999
6.57973
6.82938
6.43404
6.77013
6.57936
6.82938
6.43404
6.77015
6.57935
6.82908
6.43409
6.77027
6.57897
6.83042
6.43422
 6.7709
6.57986
6.83174
6.43435
6.77151
6.58075
6.83306
6.43442
6.77212
6.58164
6.83436
 6.4345
6.77271
 6.5825
6.83563
6.43457
6.77328
6.58334
6.83566
6.43452
6.77328
6.58336
6.83691
6.43459
6.77384
6.58418
6.83812
6.43463
6.77436
6.58497
 6.8393
6.43466
6.77488
6.58573
6.84043
6.43474
6.77539
6.58646
6.84157
6.43477
6.77588
 6.5872
6.84272
6.43482
6.77634
6.58788
6.84384
6.43487
6.77679
6.58856
6.84389
6.43484
6.77677
6.58856
6.84497
6.43487
6.77718
 6.5892
6.84603
 6.4349
6.77759
6.58981
6.84703
6.43495
6.77802
6.59041
6.84805
6.43498
6.77841
  6.591
6.84816
6.43569
6.77935
6.59077
6.84821
6.43643
6.78034
6.59047
6.84821
6.43644
6.78035
6.59043
 6.8386
6.44665
6.77564
6.59542
6.75279
6.51829
6.73187
 6.6228
6.67313
6.55975
6.68573
6.62907
6.51645
 6.6653
6.60136
6.65875
6.34947
6.77351
6.50918
6.68843
6.17332
6.88661
6.40995
6.72078
6.09981
6.96105
6.37549
6.75422
5.91585
7.07951
6.27312
6.78716
5.72731
7.20106
6.16831
6.82104
5.53373
7.32662
6.05875
6.85881
5.41823
7.37249
5.98573
6.86045
 5.2339
7.48722
5.88128
6.89219
5.16902
7.55266
5.85189
6.92091
5.02449
7.62667
 5.7663
6.93416
 4.9237
7.65639
5.69562
6.93277
4.88271
7.62337
5.65081
 6.9062
4.91616
 7.5175
5.64054
6.84397
4.93904
7.42269
5.62896
6.78309
5.07816
7.21429
5.66848
6.67062
5.19475
7.09936
5.72123
6.61622
5.44005
6.78934
5.82367
6.43988
5.75083
6.41733
5.97114
6.21912
 6.1213
5.98941
6.15885
5.95869
6.30877
5.74307
6.25049
5.79941
6.76156
 5.2388
6.49801
5.48092
 7.2658
4.68603
6.78356
5.12563
 7.8142
4.09142
  7.098
4.74311
8.11934
3.79248
 7.2794
4.55708
8.72358
3.14358
7.63112
 4.1402
9.67395
2.09971
 8.1799
3.47232
10.0186
1.76017
8.38164
3.26959
10.3343
1.39447
 8.5537
3.04274
 10.9878
0.694101
 8.91763
  2.6267
 11.3185
0.367209
 9.10703
 2.44031
  11.9077
-0.271751
  9.43033
  2.06839
  12.3943
-0.808329
  9.68223
  1.76969
 12.7373
-1.20143
  9.8444
 1.56218
 12.9166
-1.43083
 9.92017
 1.44236
12.9245
-1.4933
9.90647
1.40353
 12.8096
-1.42469
 9.79282
 1.46834
12.5132
-1.1682
9.51622
1.69258
    12.31
-0.955432
   9.3304
   1.8797
  11.7796
-0.459468
  8.85213
  2.30309
 11.1017
0.191279
 8.26022
 2.83933
10.2313
1.04638
 7.5025
  3.547
 9.7265
1.53478
7.05738
3.95778
8.59924
2.66145
6.07197
4.90447
 7.3739
3.88861
 5.0116
5.92506
6.09047
 5.1737
3.92819
6.96567
5.42796
5.84502
3.39163
7.48885
4.10557
7.16245
2.36115
8.47727
3.45572
7.79393
1.88883
8.91965
2.19646
9.02653
1.12452
9.65018
 1.07074
 10.1152
0.719218
 10.0246
 0.19505
 10.9469
0.728964
 9.98846
-0.320815
  11.4491
  1.08908
  9.65274
-0.414858
  11.4974
  1.35586
  9.36256
-0.302874
  11.3392
   2.0773
  8.63298
0.123024
 10.8814
 2.99235
 7.70975
0.438371
 10.5469
 3.50041
   7.188
1.26194
9.72016
 4.6072
6.07415
2.28909
8.70071
5.79403
4.87619
2.85452
8.14334
 6.4129
4.25294
 4.0571
6.95422
7.67531
2.97157
 5.3381
5.69353
 8.9447
1.67286
6.00239
5.03895
9.56867
1.02753
   7.3632
  3.69884
  10.7782
-0.226845
 8.74416
 2.32997
 11.8828
-1.37786
  10.113
0.959603
 12.7492
-2.28732
10.7839
0.29223
13.0553
-2.6047
 12.0724
-1.01714
 13.3913
-2.97364
 13.2525
-2.24179
 13.3347
-2.93593
 13.7637
-2.79786
 13.1578
-2.77769
 14.5536
-3.65622
 12.5687
-2.18759
 14.9544
-4.13215
 11.7558
-1.36344
  14.9151
 -4.15703
  10.7634
-0.363385
 14.5044
-3.78852
 9.62398
0.773135
 14.1795
-3.46896
 9.00934
 1.39281
 13.3577
-2.66959
 7.74727
  2.6429
 12.3486
-1.67617
 6.44152
 3.93751
 11.8078
-1.14682
 5.78061
 4.58899
   10.6418
0.00789372
   4.40913
   5.95426
9.40839
1.23157
3.00304
7.35743
8.11429
2.51816
1.56087
8.80112
 7.43474
 3.19721
0.816661
 9.55031
  6.07867
   4.5544
-0.675165
  11.0494
 4.69457
 5.95333
-2.17462
 12.5569
 3.2805
 7.3981
-3.6763
 14.068
 2.5761
8.12374
-4.4188
14.8136
 1.12175
 9.63518
-5.84664
 16.2521
-0.358558
  11.1849
 -7.05565
  17.4812
-1.86541
 12.7648
 -7.8761
 18.3407
-2.62986
 13.5678
-8.09788
 18.5998
-4.12891
 15.1197
-8.17165
 18.7643
-4.86017
 15.8662
-8.04425
 18.6853
-6.29281
 17.3392
-7.48526
  18.254
-7.57707
 18.6566
-6.64718
 17.5621
-8.50266
 19.6141
-5.66232
 16.7277
-8.77227
 19.9122
-5.12212
 16.2704
-8.95067
 20.1318
-4.02071
 15.3016
-8.75413
 19.9815
-2.83399
 14.2295
-8.28404
 19.5633
-1.59121
 13.0807
 -7.97305
  19.2698
-0.987712
   12.508
-7.17668
 18.5248
0.261175
 11.3298
-6.24161
  17.631
 1.54091
 10.1069
-5.72101
  17.135
 2.22389
 9.45573
-4.66475
 16.0994
 3.57385
   8.142
-3.55142
 14.9934
    4.94
 6.79982
-2.38736
 13.8242
 6.32834
 5.42347
-1.81247
 13.2334
 7.01481
 4.73003
-0.596477
  11.9958
   8.4632
  3.27863
0.658411
 10.7102
   9.939
 1.79178
 1.3274
10.0307
10.7071
1.02334
  2.65356
  8.66221
  12.2246
-0.514733
 4.00641
 7.26211
 13.7712
-2.08523
 4.67046
 6.56793
 14.5365
-2.86865
  6.0777
 5.11193
 16.1247
-4.48185
 7.54462
 3.59972
 17.7486
-6.13257
 9.08963
 2.02682
 19.3994
-7.81419
 9.83135
 1.27092
 20.1885
-8.62525
 11.3813
-0.29414
 21.7486
-10.2285
 12.9989
-1.91056
 23.2349
-11.7663
 13.8119
 -2.7243
 23.9198
-12.4864
 15.4837
-4.38183
 25.0867
-13.7149
 17.1632
-6.04326
 25.8415
-14.5274
 18.0386
-6.89861
 26.0654
 -14.762
 19.8068
-8.65976
 26.2501
-14.9687
 21.5966
-10.4576
  26.107
-14.8101
 23.3545
 -12.237
 25.6681
-14.3216
 24.2144
 -13.124
 25.3778
-14.0042
 25.9159
-14.8746
 24.6716
 -13.209
 27.4915
-16.5095
 23.8618
-12.3033
 28.8139
-17.8593
 22.9134
-11.2167
 29.3203
-18.4194
 22.4278
-10.7017
 30.0202
-19.1865
 21.4037
-9.58812
 30.3144
-19.5392
 20.3742
-8.48648
 30.2477
-19.5218
 19.3092
-7.36524
 30.0982
-19.4217
 18.7656
-6.82702
 29.6204
-18.9905
 17.6084
-5.63241
 29.0149
  -18.44
 16.4297
-4.42287
 28.6743
-18.0997
 15.8182
 -3.7673
 27.9306
-17.4238
 14.5875
-2.51476
 27.0899
-16.6616
 13.2966
-1.20821
 26.1876
 -15.848
 11.9754
0.123406
  25.726
-15.4699
 11.3233
0.742433
24.7369
-14.581
9.96706
2.10103
  23.667
-13.6158
 8.55593
 3.51188
22.5238
 -12.58
7.10218
 4.9652
 21.9173
-11.9898
 6.35658
 5.74897
 20.6664
-10.8451
 4.87855
 7.22894
 19.3411
-9.62122
 3.36501
 8.74885
 18.6652
-9.02912
 2.60523
 9.47855
 17.2418
-7.69315
 1.04416
   11.06
 15.7411
-6.26658
-0.51992
 12.6571
 14.9483
-5.47366
-1.31801
 13.5091
 13.3549
-3.93049
-2.90249
 15.1505
 11.7266
-2.32971
-4.50371
 16.8303
 10.9101
-1.54159
-5.28904
 17.6392
 9.18629
0.199517
-6.88033
 19.3517
 7.41428
 2.01978
-8.46873
 21.0944
 5.64045
 3.87665
-10.0631
 22.8783
 3.84187
 5.79809
-11.6564
 24.6972
2.89067
6.83522
-12.465
25.6424
  0.9896
 8.91619
-14.0492
 27.5085
-0.912764
  11.0437
 -15.6415
   29.417
-1.83252
 12.0938
-16.4271
 30.3678
 -3.7609
 14.3248
-18.0019
 32.2876
-5.79799
 16.7004
-19.4989
 34.1377
-7.90716
 19.1638
 -20.847
 35.8416
-8.98503
 20.4248
-21.4334
 36.6102
 -11.147
 22.9364
-22.3635
 37.8842
-13.4383
 25.5418
-22.8717
 38.7215
 -15.869
 28.2339
-23.0244
 39.1863
-17.1237
  29.585
-23.0209
 39.3183
-19.7323
 32.3548
-22.7463
 39.3069
-22.4995
  35.204
-22.1841
 38.9608
-23.9411
 36.6701
-21.8066
 38.6854
-26.9656
 39.6504
-21.0999
 38.1069
-30.1979
 42.7515
-20.3741
 37.4348
-33.7303
 46.0527
-19.5546
 36.5974
-35.6594
 47.7857
-19.1649
 36.1418
-39.7655
 51.4648
-18.2781
 35.1653
-44.2471
 55.4807
-17.2895
 34.1707
-46.7481
 57.5948
-16.9013
 33.6748
-52.1194
 62.1828
-15.9274
 32.6027
-58.261
67.3602
-14.859
31.5053
-65.8406
 73.7403
-13.7287
 30.4977
-70.6217
 77.7229
-13.2081
 30.0519
-83.5437
 88.8354
-11.8904
 29.3861
-105.636
 108.165
-10.2327
 29.2806
-152.981
 150.161
-7.74161
 30.7495
-204.931
 196.632
-5.55073
 33.2841
-888.008
 809.292
 16.0871
 74.8503
 307.874
-264.533
-18.6741
-1.99788
 176.288
-146.706
-14.2056
 5.55155
 91.2266
-70.7119
-10.4317
 9.46277
 59.7245
-42.7161
-8.33625
 10.0761
  43.326
-28.2982
-6.98056
 10.1594
 37.4966
-23.1107
-6.45084
 10.2226
 28.1328
-14.8085
-5.63402
  10.162
 20.7241
-8.12106
-4.63074
 9.69441
 17.5021
-5.24854
-4.09957
 9.31576
  11.7955
0.0544892
 -2.79716
  8.43668
  6.8319
 4.78626
-1.40544
 7.46226
  2.50459
  9.04057
0.0753939
   6.4266
0.548721
 11.0789
0.909909
  5.8958
-3.05881
 14.8281
 2.50828
 4.83042
-6.36418
 18.4184
 4.13987
 3.81537
-7.9071
20.1067
4.92604
3.33053
-10.7628
 23.4191
 6.69367
 2.36362
-13.0511
 26.2697
 8.54748
 1.40628
-14.4602
 28.3626
 10.3654
 0.52419
-14.8738
  29.176
 11.2815
0.102156
 -15.2306
  30.3234
  12.9518
-0.623479
-15.2109
 31.1109
 14.3935
-1.12528
-15.0806
 31.3786
 14.9542
-1.22613
-14.7173
 31.7965
 15.7943
-1.18958
 -14.2498
   32.055
  16.1515
-0.744829
 -13.8016
  32.2564
  16.0973
0.0348634
 -13.609
 32.3472
 15.9611
0.491105
-13.1702
   32.43
  15.467
 1.57811
-12.6646
 32.3592
 14.7692
  2.7794
-12.1517
 32.1944
 13.9214
  4.0452
-11.9073
 32.1098
 13.4483
 4.71368
-11.4421
 31.8722
 12.4314
 6.02924
-10.9246
 31.5087
 11.3062
 7.38099
-10.6405
 31.2608
 10.7077
 8.05251
-5.75482
 25.3292
 8.50884
 11.4324
 15.7326
-6.56468
0.383486
 20.4212
  19.974
-11.7993
 0.58576
 18.8725
 18.4511
-10.0485
 1.91466
 15.1418
 18.5268
-9.15631
 1.56356
 14.2277
   20.2594
  -10.9808
-0.0340799
   15.5843
  21.1716
 -11.9683
-0.659618
  16.1245
 22.8816
-13.7925
-1.69685
 16.8987
 24.5521
 -15.564
-2.50761
 17.3984
  26.244
-17.3801
-3.12469
 17.6998
 27.0583
-18.3021
  -3.378
 17.7929
 28.2543
-19.6745
-3.45623
  17.645
 28.5996
-20.1661
-3.07113
 17.0411
 28.5169
-20.1334
-2.75441
 16.6287
 28.0593
-19.7926
-2.06407
 15.7401
 27.3729
-19.2201
-1.20853
 14.7168
  26.9898
 -18.9052
-0.750273
  14.1704
 26.1177
-18.1298
0.304053
 12.9787
 25.1542
-17.2502
 1.42547
 11.7344
 24.1465
-16.3147
 2.62321
 10.4267
 23.6175
-15.7994
 3.28327
 9.73215
 22.5649
-14.7993
 4.57277
 8.34846
 21.4574
-13.7316
 5.89452
 6.94214
 20.3108
-12.6116
 7.25801
 5.50417
 19.7534
-12.0835
  7.9214
 4.78711
 18.5847
-10.9207
 9.34581
 3.30275
 17.3758
-9.69916
 10.8066
 1.79584
 16.7303
-9.01973
 11.5847
 1.01896
  15.4677
 -7.71132
  13.1061
-0.524633
  14.198
-6.36822
 14.6558
-2.07763
 12.9122
-4.97185
 16.2322
-3.64039
 12.2855
-4.28907
 17.0049
-4.41662
 10.9652
-2.78802
 18.5999
-5.97593
 9.64651
-1.24577
 20.1308
-7.44924
 8.33209
0.339222
 21.5521
-8.79459
 7.64392
 1.20023
 22.2325
-9.41469
 6.29699
 2.89158
 23.4095
-10.4927
  4.9225
 4.64223
 24.2632
-11.2231
  4.2528
 5.48687
 24.5294
-11.4354
2.86463
7.28042
24.8527
-11.576
 1.44835
 9.11324
 24.8961
-11.3906
-0.0851912
   11.0926
   24.6821
   -10.892
-0.825001
  12.0373
  24.4846
 -10.5622
-2.36216
 14.0103
 23.9485
-9.72821
-3.89939
 15.9908
 23.2582
 -8.7286
-4.66273
  16.977
 22.8821
-8.19578
-6.31128
 19.0755
 22.0524
-7.04988
-8.03727
 21.2522
 21.1594
-5.84495
-9.79012
  23.451
 20.1966
-4.57826
-10.6964
 24.5741
 19.6703
-3.90494
-12.5473
  26.848
 18.6195
-2.56279
-14.4915
  29.187
 17.5341
-1.19468
-16.3914
 31.4449
 16.3811
0.223824
-17.2601
 32.4749
  15.787
0.934772
-18.7697
 34.2802
 14.4897
 2.43625
-19.9269
 35.6801
 13.1387
 3.94097
-20.3196
 36.1862
   12.43
 4.71713
-20.7805
  36.817
 10.9911
  6.2196
-20.8997
 37.0578
  9.4447
 7.76963
-20.9013
 37.0851
 8.64664
 8.53342
-20.7377
 36.9636
 6.96323
 10.1429
-20.4231
 36.6376
 5.22424
 11.7575
-20.0148
  36.175
  3.4189
 13.3989
-19.5777
 35.6465
 1.53351
  15.083
-19.3058
  35.344
0.556733
 15.9745
-18.7688
 34.6727
-1.42289
 17.7056
-18.1371
 33.8844
 -3.4637
 19.4689
 -17.845
 33.4762
-4.50291
 20.3268
-17.1535
 32.6028
-6.63059
 22.1362
-16.3974
 31.6537
-8.80721
  23.972
-13.6009
  24.067
-7.71952
 27.5736
 1.62871
-16.3761
0.665658
  43.381
 4.27682
-24.2011
 1.39153
  47.233
 5.31727
-24.9548
-1.90173
  49.179
 6.07102
-25.1882
-5.17508
 50.8709
 6.62192
-25.9738
-6.52738
 51.9982
 7.50757
-27.4316
-9.11461
 54.1453
 8.19287
-28.5063
-11.4957
   55.97
 8.74144
-29.3622
-13.5698
 57.4947
 8.92845
-29.7298
-14.5487
 58.1715
 9.32708
-30.3522
-16.3502
 59.5069
 9.71287
-30.8951
-17.9679
 60.7476
 9.95255
-31.1368
-18.6285
 61.3102
 10.3642
-31.6038
-19.8137
 62.2889
 10.7976
-32.0411
-20.7041
 63.0992
  11.025
-32.3037
-21.0885
 63.4372
 11.6716
-32.8841
-21.5649
 63.9873
 12.4836
-33.5839
-21.9179
  64.484
 13.4304
-34.3899
-22.2706
 65.0436
  14.004
-34.8184
-22.3869
 65.3561
 15.3407
     -36
-22.7731
 66.0403
  17.054
-37.5601
-23.2399
 66.8403
 19.0057
-39.3496
-23.9013
  67.849
 19.9242
-40.2758
-24.3803
 68.4386
 21.7235
-41.9849
-25.3134
 69.8164
 23.5788
-43.8593
-26.3447
 71.3771
 25.5766
-46.0067
-27.4217
 73.0674
 26.6386
-47.1003
-27.8816
 73.9707
 28.7355
-49.5975
-28.8027
 75.6598
 30.7993
 -52.248
-29.3559
 77.0862
 31.7386
-53.6552
 -29.468
 77.5574
 33.2997
-56.0362
-28.9358
 77.9968
 33.9303
-57.5707
-27.3155
 77.3361
 33.2195
-57.7612
-24.4031
 75.2779
 32.3144
-57.1718
 -22.399
 73.7316
 29.3151
-54.8957
-17.5558
 69.3959
 24.9255
-51.0311
-11.7676
 63.8087
 22.3105
-48.6926
-8.68162
  60.613
 16.6136
-43.2144
 -2.2342
 53.9167
 10.6829
-37.3459
 4.27034
 46.9145
  7.7588
-34.3304
 7.48943
  43.454
 2.14065
-28.6447
 13.6546
  36.533
-2.99653
-23.3976
 19.4357
 29.8918
-7.53147
-18.7021
  24.831
 23.5379
-9.56967
-16.6446
 27.3482
 20.4436
-13.1837
 -12.848
 31.9139
 14.8397
-15.9783
-9.84953
 35.7944
 9.91557
-17.0009
-8.64242
 37.5471
 7.72102
-18.3922
-7.00825
 40.7962
 3.48534
 -19.079
 -6.0611
 43.8182
-0.45103
-19.2238
-5.84196
 45.2556
-2.37978
-19.1882
-5.58387
 48.0203
-5.94433
-18.8045
-5.64223
 50.7105
-9.36549
-18.0934
-6.00186
 53.3882
-12.6962
-17.6127
-6.24035
 54.6847
-14.2159
-16.5154
-6.97539
 57.0413
 -17.059
-15.2743
-7.82525
 59.0627
-19.4731
-13.9121
-8.75713
 60.9284
-21.6713
-13.2059
-9.29044
 61.8479
-22.7969
-11.7283
-10.2889
 63.6912
-24.9198
-10.2462
  -11.26
 65.6416
-27.1363
-8.71356
-12.1277
 67.8245
-29.4599
-7.97023
-12.6536
  69.013
-30.8467
-6.43367
-13.6153
 71.6357
 -33.752
 -4.9272
 -14.525
 74.6593
-37.0866
 -4.2169
-14.9954
 76.3622
-39.0296
-2.78175
-15.7903
 80.3225
-43.3719
-1.37318
-16.5205
 85.1554
-48.6505
-0.66758
 -16.796
 87.9946
-51.6691
  0.6162
-17.3118
 94.6822
-58.9352
 1.76499
-17.5936
 103.253
-68.2139
 2.76382
-17.5775
 114.518
-80.3636
 3.16506
-17.4675
 121.491
-87.9401
  3.7665
-16.6681
 139.338
-107.087
 3.85702
-14.8874
 164.836
-134.355
 4.60905
-14.9177
 199.051
-168.645
 8.79689
-23.3377
 212.006
-177.723
 10.4416
 -31.117
 231.506
-191.206
 14.6151
 3.96803
 835.014
-830.368
 33.3325
-23.0499
-427.275
 433.292
 31.8585
-22.3555
-695.354
 704.672
 3931.18
-387.998
  167748
 -170243
 278.483
-66.1048
 8808.21
-8938.52
 267.798
-88.2232
 7343.77
-7450.01
 294.804
-135.058
  6176.6
-6269.88
 226.882
-118.189
 3726.98
-3784.53
 418.548
-261.478
 6068.83
-6158.94
 1035.88
-698.521
 14384.3
-14599.9
 4006.86
-2897.36
 50019.2
-50769.8
-2896.31
 2212.04
-32305.3
 32798.9
-884.088
  699.62
-9385.86
 9533.46
-873.138
 705.139
-8809.12
 8943.44
-527.176
  436.11
-5256.58
 5337.88
-148.741
 133.107
-1518.49
 1549.97
-121.254
 108.164
 -1271.2
 1302.23
-111.178
 86.7506
-1297.81
 1340.73
 -92.855
 67.6475
-1274.09
  1318.2
-84.8936
 61.3385
 -1275.8
 1318.31
-80.8811
 55.5173
-1460.63
 1503.88
-69.2446
 37.5912
-1627.15
 1675.71
-55.2412
 26.3403
-1657.45
 1703.25
-49.4015
 22.5646
 -1675.9
 1719.59
-39.2009
 13.3276
-1702.22
  1744.9
 -29.4406
-0.271164
 -1818.57
  1864.46
-15.1297
-19.0496
 -1962.1
 2011.76
 -5.2783
-31.0533
 -2019.5
 2071.07
 20.3247
-61.1776
-2128.92
 2184.62
 62.6741
-111.756
-2251.28
 2314.93
 92.5713
-147.054
-2356.88
  2425.6
 165.936
 -229.28
-2598.03
 2674.93
 253.337
-321.727
-2829.18
 2910.62
 373.922
-451.728
-3180.96
 3270.93
 452.159
-536.136
 -3432.4
 3527.83
 592.213
-681.286
 -3808.8
 3908.49
 682.576
-768.461
-3944.04
 4040.62
 710.606
-794.782
-3913.46
 4008.79
 949.533
-1053.02
-4751.57
 4863.62
 1181.28
 -1300.4
-5423.24
 5549.21
 1352.54
-1477.28
-5888.46
 6019.02
 1474.68
-1605.76
-6277.84
 6413.65
 1790.93
-1943.77
 -7295.9
 7450.59
 2099.72
-2272.92
-8185.96
 8358.81
 2670.79
-2881.45
-10017.7
 10222.8
 2941.85
   -3170
-10874.9
 11095.1
  3502.4
-3768.29
-12895.3
 13146.9
 3987.09
-4289.62
-14907.2
 15188.3
 3899.15
 -4196.8
-14721.1
 14997.6
 1667.93
 -1787.7
-6423.26
 6548.68
 1881.38
-2021.56
-7456.61
 7598.53
 1827.02
-1967.25
-7344.06
 7486.16
 1748.54
-1884.12
-7067.25
 7205.64
  1762.8
-1901.39
-7237.64
 7378.15
 2748.49
-2975.62
-11525.1
 11738.4
    4227
 -4588.7
-17854.3
 18179.5
 4618.41
-5015.88
-19395.2
 19751.1
 4448.03
-4818.52
-17628.5
 17966.2
 4717.04
-5089.03
-17231.9
   17576
 5451.23
-5865.98
  -19186
 19568.5
 8094.22
-8671.02
-26872.3
 27397.6
 13123.9
-14009.7
  -41258
 42056.9
 18588.4
-19814.5
-57032.8
 58132.8
     452019
    -480567
-1.3241e+06
1.34931e+06
-24905.3
 26404.9
 69330.3
-70638.7
-12507.9
 13220.3
   32923
  -33537
-9969.32
 10521.5
 25525.3
-25997.8
-7209.29
 7587.35
 17467.3
  -17786
-5765.99
 6049.21
 13150.4
-13385.6
-4926.27
 5156.69
   10666
-10854.7
-4649.06
 4864.39
 9865.47
-10041.1
-4260.34
 4457.66
 8783.96
-8944.18
-4373.57
 4577.23
 8936.82
-9103.59
-3762.45
 3941.98
 7648.06
-7792.37
-3593.55
 3776.15
 7433.47
-7580.43
-3513.35
 3701.54
 7480.79
-7632.32
-3676.07
 3876.77
 7974.18
 -8136.9
-10584.9
 11139.8
 23827.1
-24318.4
-7416.83
 7825.27
 17308.4
-17660.6
-5474.55
 5787.65
 13122.7
-13385.1
-5055.42
 5348.89
 12270.9
-12514.6
-4518.25
 4788.08
 11273.8
-11494.6
-4067.92
 4318.42
 10516.6
  -10718
-3774.56
 4014.76
 9973.17
-10164.7
-4469.98
 4768.91
 12409.8
-12652.6
-5218.53
  5585.2
   15366
-15666.5
-6206.19
 6659.09
 19422.6
-19795.2
-6997.11
 7517.79
 22622.5
-23051.8
-8687.05
 9374.15
 30324.8
-30891.8
-14584.8
 15820.1
 55829.4
-56852.5
-89123.2
 97204.5
  375583
 -382304
 45750.1
-50050.3
 -202661
  206245
   19255
-21235.6
-94706.4
 96346.4
 6314.93
-7000.21
-33656.5
 34232.9
 7517.71
-8389.99
  -42200
 42925.1
 11173.8
-12508.9
-63944.6
 65040.7
 9096.91
-10223.7
-54150.5
 55075.4
 7288.53
-8233.69
-45733.1
 46508.1
 6243.09
-7078.08
-40650.5
 41334.9
 4432.24
-5071.32
-31608.5
 32132.4
 1889.06
-2169.48
-14558.6
 14798.9
 1606.17
-1862.71
-13318.7
 13539.7
 1695.19
-1978.27
-14568.9
 14809.9
-2237.17
 2697.38
 21057.4
-21389.1
-3510.36
 4300.05
 36820.8
  -37402
 5096.63
-6247.66
-56597.2
   57493
 680.019
-824.975
-8031.96
 8163.14
 757.083
-920.595
-8355.85
 8504.64
 1449.59
-1735.97
-13779.1
 14025.7
  2749.4
-3256.62
-24294.6
 24713.1
 4220.44
-4913.73
-33244.6
   33811
 6726.12
-7737.01
-48522.1
 49340.9
 11342.7
  -12930
-76021.8
 77300.8
 17183.7
-19527.7
 -112191
  114071
-13151.4
 14899.5
 82973.9
  -84337
-8957.48
 10113.4
 54642.2
-55538.2
 -6693.6
 7527.21
 39296.6
-39938.3
  -13233
 14834.3
 75854.5
-77113.2
-21483.4
 23960.9
  117486
 -119458
 -3066.6
 3406.43
   15868
-16117.9
 -3118.1
 3438.62
 15057.1
-15292.9
-3043.82
 3344.76
 14161.5
-14382.2
-2853.75
 3116.82
 12377.5
  -12569
-2639.98
 2872.57
 10827.2
-10995.2
-2532.36
 2751.72
 10138.8
-10296.5
-2628.17
 2846.76
 10041.7
-10200.2
-3593.61
 3875.47
 13047.3
-13260.8
-3280.48
 3530.33
 11578.2
-11765.3
-1979.15
 2121.11
  6594.3
-6690.09
-1988.79
 2126.24
 6310.52
 -6403.5
-2583.44
 2757.97
 7891.88
-8018.56
-2315.86
 2472.25
    6979
-7090.22
-2176.48
 2323.67
 6427.76
-6531.66
   -2161
 2308.99
 6321.84
-6427.02
-2318.09
 2476.16
 6750.14
 -6864.4
-4329.85
 4616.91
 12560.6
-12789.5
-3916.49
  4180.6
 11430.2
-11638.6
-2095.16
 2246.99
 6211.43
-6320.42
-1919.52
 2064.11
 5809.96
-5912.33
-2592.26
 2783.73
 7984.97
-8128.14
-6231.36
 6668.84
 19379.8
-19737.7
-7016.94
 7507.78
 21892.3
-22296.5
-8306.06
 8878.81
 25782.6
-26258.3
-8392.81
 8955.65
   25482
-25950.4
-4327.94
 4616.33
 12962.5
-13190.3
-3600.42
 3834.85
   10509
-10690.1
-3621.25
 3855.13
 10367.3
-10548.9
-3416.36
 3636.57
 9696.61
-9866.46
-4270.14
 4539.29
 11900.2
-12114.4
-14738.7
 15628.3
 40159.4
-40930.4
-15613.1
 16530.7
 41387.4
-42187.6
-12571.9
 13296.1
 32628.1
-33256.7
-7872.99
 8305.35
 19514.4
-19882.3
-7465.84
 7865.01
 17851.6
-18192.1
-7348.62
 7738.71
 17331.2
-17664.5
-7379.26
 7769.21
 17097.9
-17432.7
-8327.94
 8779.46
 19484.2
-19875.9
-10303.3
 10875.5
 24624.8
-25126.3
-11976.4
 12647.1
 29003.8
-29594.4
-9663.63
 10226.6
 24181.3
  -24670
-16546.5
   17515
 42434.4
-43288.7
-18181.3
 19246.8
 46888.8
-47829.9
-20371.7
 21564.4
 52764.3
-53819.5
-21199.1
 22439.4
 54898.8
-55997.1
-19116.5
 20225.9
 49058.3
-50039.6
-17311.3
 18308.4
 44054.4
-44935.2
-14683.6
 15519.4
 36831.2
-37567.5
-13127.9
 13871.9
 32604.7
-33258.7
  -10666
 11268.4
 26295.5
-26821.1
 -7535.3
 7953.16
   18174
-18532.1
-5696.24
 6002.18
 13323.5
-13580.2
-5141.22
 5414.96
 11879.5
  -12107
-4343.87
 4573.54
 9816.81
-10004.7
-3728.72
 3920.22
 8182.62
 -8335.9
-3238.83
 3397.07
 6843.75
-6966.85
-2854.58
 2985.51
  5765.8
-5864.16
-2706.42
 2828.02
 5355.33
-5445.32
   -2456
 2562.53
 4658.97
-4735.54
-2237.02
 2325.64
 4020.54
-4080.82
-2048.05
 2117.44
 3442.41
-3484.99
 -1970.4
 2032.91
 3203.54
-3239.88
-1840.67
 1894.53
  2806.3
-2835.06
-1786.26
 1836.77
 2640.26
-2666.11
-1688.42
 1729.82
 2327.94
-2345.57
-1606.76
 1637.82
  2055.1
-2063.17
 -1540.2
 1566.74
 1833.58
-1837.78
 -1510.3
 1534.95
 1735.95
-1738.54
-1446.44
 1466.91
  1548.2
-1547.08
 -1393.5
 1408.19
 1385.24
-1378.77
-1349.83
 1365.77
 1259.59
-1254.68
-1330.44
 1347.14
 1204.68
-1200.66
-1200.42
 1214.27
 1026.08
-1018.98
-1092.58
 1104.34
 910.251
-900.604
 -1011.7
  1024.3
 803.056
-793.974
 -1021.7
 1035.68
 773.472
-766.123
-1037.33
 1051.46
 750.199
-743.605
-1041.94
 1056.04
 736.887
 -730.38
-1059.36
 1076.31
 721.581
-718.169
 -1051.3
 1071.63
 694.078
-693.862
-1072.28
 1093.43
 697.336
-698.224
-1133.28
 1154.89
 714.947
-716.884
-1121.92
 1144.64
 690.761
-693.724
-1111.59
 1139.48
 676.129
-684.258
-1108.17
 1136.56
 668.988
-677.622
-1103.17
 1130.53
 658.234
-665.849
-1099.28
  1129.7
 653.772
-664.437
-1092.7
1129.03
656.252
-672.77
-1093.98
 1130.58
 658.514
-675.306
-1100.04
  1132.8
 662.654
-675.631
-1079.58
 1111.34
 650.785
-662.632
 -1080.6
 1113.92
 653.886
-667.293
-1081.12
 1115.25
 655.867
-670.072
-1117.07
 1152.14
 680.999
-696.372
-1133.63
 1169.37
 695.338
-711.518
-1127.52
 1163.26
 694.301
-710.365
-1134.73
 1174.97
 712.674
-733.208
-1145.07
 1192.67
 742.254
 -770.09
-1161.6
1212.13
781.832
-812.54
-1149.04
 1200.63
 789.007
 -820.61
-1142.59
 1192.58
 810.565
-840.376
-1153.65
 1203.97
 847.021
-877.064
-1182.71
 1235.23
 898.554
-930.782
-1206.63
 1258.96
 930.307
-962.436
-1223.89
  1274.3
 968.203
-998.323
-1233.64
 1282.76
 984.741
-1013.56
-1253.38
 1296.57
  1005.4
-1028.35
-1181.05
 1214.55
 937.181
-950.115
-1156.05
 1184.94
 901.353
-909.668
-1166.57
  1195.2
 901.212
-909.349
-1170.02
 1201.23
 892.948
-903.721
-1192.52
 1227.13
 903.578
-917.933
-1264.83
 1300.49
  950.42
-966.338
-1268.68
 1303.32
 948.087
-963.034
-1277.49
 1309.32
 939.252
-951.462
-1284.92
 1311.06
 917.574
-924.287
 -1242.4
 1264.68
  871.66
-874.349
-1225.01
  1243.7
 826.594
 -825.82
-1228.83
 1247.44
 797.809
 -797.14
   -1212
  1231.7
 759.484
-759.969
-1211.68
 1231.53
 746.046
-746.733
-1278.24
 1298.99
 759.572
-761.768
-1289.09
  1310.7
  741.83
-745.148
-1262.42
 1284.33
 716.291
-719.701
-1267.39
 1291.98
  702.81
-709.031
-1275.82
 1302.16
 694.011
-702.131
 -1296.5
 1322.77
 691.722
-699.992
-1308.28
 1333.32
 689.146
-696.303
-1293.12
 1315.34
 661.727
-666.071
-1287.82
 1310.32
 640.911
-645.572
-1333.62
 1356.41
 645.531
-650.939
-1348.78
 1371.25
 643.611
-648.944
-1356.63
 1378.01
 626.495
 -630.82
-1366.95
 1386.59
 609.013
-611.781
-1377.54
 1398.73
 594.878
-599.386
-1382.13
 1404.64
 589.397
-595.307
-1331.15
 1355.36
 555.563
-562.856
-1329.22
 1351.66
 540.203
-545.808
-1321.74
 1342.96
 529.351
-533.706
 -1368.8
 1389.11
 529.952
-533.927
-1402.08
 1424.15
 528.181
-534.194
-1404.74
 1429.44
 525.164
-533.845
 -1408.1
 1438.19
 524.197
-538.319
-1411.16
 1445.57
 530.604
-549.037
-1394.83
 1431.09
 529.739
-549.857
 -1421.8
 1460.42
 550.686
-573.355
-1433.48
 1473.57
 570.001
-594.068
-1313.85
 1353.88
 538.048
-561.089
-1327.74
 1367.95
 551.245
 -574.52
-1375.78
 1416.14
 584.904
-608.611
-1382.76
 1421.07
 598.258
-619.894
-1383.39
 1420.35
 602.108
-622.371
-1376.24
 1410.57
 602.516
-620.085
-1423.68
 1457.49
 624.174
-641.633
-1459.05
 1493.31
 640.331
 -658.39
-1463.65
 1498.98
 644.578
-663.724
-1392.74
 1429.58
 620.389
 -640.53
-1391.67
 1428.73
 626.315
 -646.61
-1394.69
 1431.73
 630.866
 -651.15
-1402.89
 1436.81
 634.169
-651.389
-1407.31
 1437.21
 630.612
-643.888
-1402.56
 1430.82
 620.228
-631.864
-1416.95
 1445.84
 623.111
-635.502
-1433.44
 1465.56
 628.074
-643.851
-1439.05
 1475.55
 635.893
-656.045
-1442.98
 1482.54
  644.42
-667.629
-1453.52
 1498.08
 667.389
-695.567
-1468.53
  1514.9
 695.873
-725.834
-1440.73
  1487.8
 695.268
-725.663
-1417.43
 1466.76
 711.259
 -743.59
-1418.19
 1469.59
 741.529
-775.746
 -1494.1
 1547.09
 812.678
-848.829
-1471.12
 1523.41
 830.817
-866.027
-1482.02
 1535.65
 854.434
-890.865
-1478.87
 1535.63
 890.605
-929.896
-1507.26
    1566
 948.462
-989.706
-1577.53
 1637.95
 1014.28
-1057.49
-1650.11
 1713.37
 1109.69
-1155.97
-1665.57
 1729.47
 1143.37
-1190.17
-1693.94
 1755.33
 1200.69
-1244.92
-1612.08
 1666.77
 1165.72
-1202.66
-1594.22
 1645.26
    1168
-1201.11
-1613.38
 1666.64
 1202.45
-1237.74
-1609.28
 1664.26
 1211.88
 -1248.8
-1628.87
 1686.05
 1252.31
-1291.36
-1710.83
 1769.55
 1327.83
-1368.88
-1777.61
 1838.09
 1408.43
-1451.35
 -1802.4
  1864.4
 1457.13
-1501.51
-1785.89
  1845.4
 1448.88
-1490.67
-1767.78
 1820.15
 1434.31
-1468.85
-1773.53
 1825.67
 1441.12
-1475.45
-1718.24
 1771.28
 1402.34
-1437.25
-1660.3
 1712.4
1358.55
-1392.2
-1649.21
 1702.42
 1359.79
-1394.42
-1759.76
 1816.51
 1463.43
-1502.16
-1734.11
 1791.69
 1454.22
-1493.59
-1672.69
 1735.05
 1439.23
-1482.83
-1641.23
 1705.09
 1449.03
-1493.75
-1677.34
  1742.5
 1519.73
-1565.65
-1789.01
 1857.54
 1642.62
-1692.39
 -1886.5
 1959.34
 1781.54
-1835.68
-1704.62
  1773.2
 1632.35
-1681.35
-1465.58
 1529.02
 1446.64
-1489.22
-1477.03
 1542.75
  1501.6
-1546.16
-1580.72
 1648.84
 1627.76
-1675.13
-1902.57
 1979.13
 2006.54
-2063.55
-2015.26
 2100.12
 2201.98
-2266.87
-2107.94
 2203.08
 2409.84
-2484.75
-2108.86
 2205.08
 2461.35
-2537.05
-2153.67
 2250.75
 2613.64
-2689.74
-2275.92
 2378.11
 2869.16
-2950.05
-2348.56
 2454.16
 3018.18
-3102.31
-2513.73
 2628.52
  3368.2
-3461.06
-2390.36
 2503.98
 3345.16
-3435.84
-2724.33
 2850.01
 3953.74
 -4056.1
-2587.96
 2699.59
 3790.06
-3877.99
-2012.69
 2098.56
 2947.11
-3008.61
-1995.27
 2075.57
 2902.83
-2958.94
-2210.43
 2297.81
 3195.75
-3259.27
-2255.57
 2346.43
 3254.37
-3321.44
-2261.86
 2352.55
  3255.2
-3322.14
-2247.32
 2334.36
 3204.11
-3267.55
-2352.14
 2440.84
 3315.72
-3381.24
-2335.88
 2423.93
 3276.06
   -3341
-2329.61
 2416.22
 3226.26
-3289.98
-2293.58
 2374.68
 3113.37
-3171.89
-2278.12
 2356.28
  3054.7
-3110.47
-2464.8
2546.63
3225.71
  -3286
-2235.21
 2307.72
 2852.86
-2903.73
-2059.31
 2126.44
 2603.96
-2649.19
-2019.69
 2088.77
 2519.99
-2567.28
-2255.3
2332.25
2777.74
-2833.7
-2411.63
 2492.32
 2935.31
-2995.68
-2415.97
 2495.64
 2916.59
-2976.02
-2413.97
 2489.26
 2852.92
-2908.33
-2400.88
 2473.06
 2774.75
-2827.38
-2392.89
 2464.76
 2737.32
-2789.78
-1975.29
 2035.24
 2217.69
-2257.22
-1721.44
 1774.78
 1903.01
-1935.33
-1650.72
  1703.1
    1799
-1830.17
-1714.72
 1768.83
 1855.06
-1888.29
-2136.54
 2202.92
 2283.02
-2330.32
-2346.73
 2418.86
 2479.44
-2533.21
-2376.47
 2449.22
 2499.65
-2554.21
-2358.86
 2432.32
 2467.22
-2522.51
 -1861.3
 1921.71
  1940.2
-1980.76
-1932.87
 1994.53
 2003.66
-2045.72
-1940.28
 2002.71
 2007.79
-2050.66
-1913.66
 1973.14
 1960.94
-2000.85
-1958.85
 2016.41
 1980.13
-2018.48
-2077.32
 2138.45
  2089.7
-2132.13
-2318.1
2387.43
2308.52
-2360.4
-2386.67
  2456.8
 2355.01
-2407.88
-2338.87
 2412.29
 2315.34
-2371.31
-2294.69
 2370.47
  2286.5
-2344.58
-2328.23
 2410.07
 2358.74
-2422.77
-2360.93
 2445.92
 2414.63
-2481.82
 -2011.4
 2089.84
 2137.25
-2196.11
-2058.92
 2137.63
 2206.81
   -2266
-2336.16
 2420.05
 2536.85
-2602.01
 -2342.6
 2424.43
 2563.52
-2626.47
-2372.54
  2451.9
 2595.82
-2656.41
 -2376.5
 2453.38
 2589.86
-2648.05
-2394.94
  2468.3
 2580.32
-2635.24
-2409.36
 2483.82
 2575.15
-2631.34
-2398.59
 2471.34
 2532.17
-2586.79
-2386.25
 2456.07
 2493.29
-2545.09
-2191.09
 2252.74
 2244.91
-2288.09
-2208.21
 2270.77
 2244.19
-2288.45
-2303.93
 2370.46
 2312.69
-2361.52
 -2297.5
 2363.47
 2273.07
-2321.51
-2302.46
  2364.1
 2228.28
-2272.69
-2315.54
 2376.69
 2217.08
 -2261.2
-2320.37
 2381.26
 2175.87
-2219.97
-2354.62
 2415.29
 2160.77
-2205.07
-2320.53
 2380.77
  2092.6
-2136.53
-2063.86
 2118.45
 1849.44
-1886.73
-1987.08
 2042.61
 1766.41
-1804.32
-2029.23
 2087.12
  1798.2
-1838.69
-2040.62
 2100.44
 1803.84
-1846.35
 -2015.3
 2075.99
 1782.52
-1825.77
-2123.63
 2186.78
 1877.59
-1923.82
-2141.94
 2207.15
 1902.21
-1950.53
-2148.28
 2214.67
 1913.65
-1963.16
-2156.82
 2225.13
 1938.04
-1989.39
-2158.42
 2227.86
  1951.1
-2003.53
-2266.56
 2339.72
 2071.37
-2127.89
-2304.97
 2379.93
 2133.57
-2191.88
-2044.19
 2116.02
 1930.88
-1984.71
-2040.76
 2115.25
  1952.7
-2008.99
-2139.57
 2219.49
 2099.48
-2161.34
-2290.72
 2374.15
 2298.57
-2364.45
-2189.73
 2271.01
 2245.35
-2308.16
-2261.35
 2346.42
 2351.95
-2418.61
-2404.51
 2500.11
 2590.97
-2668.15
-2624.23
 2729.07
 2930.07
-3016.67
-2891.13
 3002.09
 3324.68
-3417.72
-2967.77
  3081.1
 3463.84
-3559.15
-3158.91
 3283.25
 3827.25
 -3933.3
-3472.65
 3612.49
 4380.17
-4501.54
-3599.47
  3744.2
 4623.85
-4749.91
-3876.06
 4030.73
    5152
-5287.59
-4245.39
  4417.3
 5864.78
-6017.01
-4809.44
 5010.93
 6971.62
-7152.44
-5161.28
 5379.59
 7661.72
-7858.74
-6095.18
 6352.97
 9449.82
-9684.93
-7622.49
 7947.87
   12386
-12686.3
-11294.2
   11789
 19512.9
-19976.7
-15827.7
 16530.2
 28371.9
-29035.6
-253730
 265162
 492871
-503858
 15490.3
-16195.3
-32782.7
 33472.9
 9537.21
-9973.03
-21166.3
 21597.6
  5140.8
 -5376.3
-12665.8
 12903.8
  3023.9
-3159.41
-8329.94
 8472.71
 2300.22
-2410.09
-7098.83
 7216.12
 1988.13
-2085.99
-6475.54
 6581.45
 1539.57
 -1620.7
-5576.21
  5666.3
 1236.98
-1307.01
-4973.18
 5052.76
 1013.43
 -1074.7
-4561.16
 4632.21
 916.791
-973.952
 -4383.1
 4450.14
 732.105
 -779.89
-4036.85
 4094.74
 568.554
-607.319
-3729.77
 3778.84
 494.503
-529.565
-3593.22
 3638.66
 357.347
-385.542
-3302.16
  3341.1
 259.313
-286.995
-3265.31
 3302.94
  161.93
 -186.72
-3106.83
 3141.61
 125.077
-150.733
-3047.79
 3083.42
 83.1598
-117.138
-2955.54
 2999.66
 66.5134
-108.943
-2916.95
  2969.6
 52.4817
-94.7751
-2908.82
 2961.24
 47.4402
-89.2188
-2907.57
 2959.43
 58.5242
-106.885
-2940.93
  2999.3
  92.674
-151.503
-2998.15
    3067
 129.695
-190.573
-3061.56
 3132.45
 150.454
-211.664
-3106.96
 3178.12
 204.452
-270.492
 -3218.9
 3294.76
 274.218
-347.135
-3357.57
 3440.18
 311.413
-386.588
-3429.68
 3514.49
 373.177
-447.737
-3498.58
 3582.98
 509.622
-597.254
-4210.72
 4305.28
 553.962
-643.934
-4304.37
 4401.22
 468.453
-537.365
-3240.21
 3321.41
  569.92
-645.636
 -3579.6
 3666.57
 782.791
-878.509
   -4447
 4550.96
 853.303
-954.159
-4585.45
 4694.42
  1010.6
-1121.16
-4838.74
 4957.49
  1164.4
-1280.15
-5005.32
 5129.79
  1376.9
-1500.53
-5397.93
 5530.04
 1503.04
 -1631.9
-5627.31
 5764.53
 1842.41
-1989.24
-6208.01
 6363.12
 2320.23
-2490.66
-7045.18
 7223.62
 2603.69
-2785.06
-7569.41
 7758.48
 2727.92
-2901.56
-7340.18
 7524.06
 3829.21
-4054.96
-9526.28
 9760.15
 4818.05
-5083.43
-11076.6
 11350.7
 5886.22
-6197.58
-13028.6
 13347.6
 12067.4
-12650.3
-24865.8
 25447.1
 30756.9
-32146.7
-59603.1
 60969.6
 64626.4
-67479.6
 -122590
  125381
 49401.6
-51538.7
-91743.5
 93850.6
 90126.6
-93975.5
 -164974
  168760
 299661
-312370
-543259
 555729
      774481
     -807281
-1.40101e+06
 1.43317e+06
      571479
     -595727
-1.03629e+06
 1.06005e+06
    -729950
     761442
1.33415e+06
-1.3649e+06
 53611.7
-55910.1
  -99070
  101336
 29404.5
-30659.2
-54739.4
   55986
 17908.7
-18681.6
-33932.4
 34707.4
 18220.9
  -19019
-34986.6
 35783.7
 17783.2
-18566.2
-34372.2
 35153.5
 44481.2
-46481.4
-87538.9
 89485.6
 30873.1
-32282.1
-62244.5
 63615.9
 21202.6
-22191.2
-44263.6
 45225.8
 16697.3
-17484.6
  -35654
 36421.5
 4524.56
-4725.46
-10173.1
   10385
 3393.74
 -3545.9
-7995.15
 8160.04
    3514
-3683.98
-8601.88
 8782.27
  3632.2
-3813.63
-9043.09
  9233.5
 3650.64
-3839.84
-9399.83
 9596.04
 3621.44
   -3811
-9679.47
 9874.09
 3720.92
-3919.82
-10162.3
 10364.4
 3424.09
-3613.13
-9823.75
 10015.1
 2318.47
-2446.36
-7029.51
 7165.34
  1922.8
-2030.83
-6214.46
 6331.23
 1787.64
-1889.21
-5958.33
 6068.96
 1671.31
-1773.65
-5891.39
 6002.06
 1558.83
-1660.67
-5786.32
 5896.04
 1510.62
 -1612.1
-5746.27
 5855.39
 1375.77
-1471.66
-5501.77
  5605.4
 1284.54
-1378.36
-5345.69
 5447.26
 1257.69
-1355.87
-5357.87
 5463.49
 1245.81
-1345.22
-5352.57
 5459.36
 1251.05
-1353.23
-5470.02
 5578.91
 1214.56
-1314.58
-5420.42
  5527.1
 1202.81
 -1302.9
-5401.83
 5508.58
 1198.15
-1300.65
-5424.28
 5533.28
 1189.15
-1292.12
-5407.06
 5516.53
 1180.24
-1282.51
-5425.34
 5533.92
 1156.81
-1257.32
-5377.35
 5484.23
 1268.36
-1381.35
-5896.49
 6013.85
 1310.52
-1429.56
-6013.35
 6136.54
 1208.69
-1317.42
 -5503.8
 5618.68
 1170.34
-1273.05
-5271.35
 5381.19
 1226.47
-1333.07
-5485.44
 5598.45
 1245.12
-1352.92
-5572.46
 5686.33
 1267.27
-1376.58
-5669.61
 5784.65
 1288.62
-1399.93
-5786.33
 5902.87
 1280.89
-1391.43
-5794.06
 5909.71
  1268.9
-1378.41
-5778.36
 5892.96
 1228.59
-1334.81
-5704.75
 5816.09
 1158.47
-1258.93
-5553.49
 5659.26
 1114.32
-1213.52
-5480.38
 5584.89
  1095.8
-1195.34
-5449.36
  5554.2
 1038.49
-1134.56
-5335.55
 5437.03
 951.696
-1040.27
-5155.08
 5249.27
 895.348
-981.475
-5217.96
 5308.74
 818.172
-898.077
-4975.43
 5060.66
 688.666
-759.325
-4646.59
 4723.26
 570.174
-632.825
-4417.14
 4485.98
 506.452
-564.419
-4287.45
 4351.74
 412.283
-468.449
 -4334.2
 4395.47
 343.624
-405.189
 -4398.2
 4463.87
 298.904
-357.974
-4077.11
 4141.73
 280.679
-350.303
-4152.15
 4226.72
 281.148
-357.976
 -4374.7
 4455.25
 230.854
-293.204
-3870.49
 3938.91
 214.055
-273.072
-3778.37
 3843.84
 183.328
-240.972
 -3802.5
 3866.19
 163.664
-220.169
-3800.32
  3862.7
 129.024
-187.397
-3930.05
 3993.21
 88.8353
-141.233
-3602.11
 3660.74
 40.6335
-88.5081
-3531.89
 3585.99
 8.56482
-51.6092
-3475.32
  3524.6
-59.8273
 25.3575
-3321.93
 3362.86
-128.158
 98.5138
-3172.98
 3209.28
-161.458
 133.839
-3101.35
 3135.71
-226.406
 203.205
-2957.39
 2987.55
-307.206
  288.01
-2932.33
 2957.83
-359.072
 341.989
-2762.46
 2786.34
 -361.16
  347.63
-2538.73
 2560.34
-419.728
 408.727
-2480.93
 2499.76
-469.663
 462.666
 -2378.9
 2393.84
-524.878
  522.31
-2294.35
 2304.71
-539.642
 539.237
-2213.74
 2222.26
-569.963
 571.775
-2071.87
 2078.84
 -609.98
 612.903
-1992.73
 1998.66
-631.444
 635.362
-1957.46
 1962.37
-672.629
 681.998
-1875.35
 1874.88
 -711.14
 725.279
-1785.83
 1780.74
-741.916
 758.774
-1686.06
 1678.53
-761.993
 780.162
-1648.24
 1639.43
-801.226
 823.544
-1570.73
 1557.83
-780.062
 805.841
-1397.54
 1382.33
-807.293
 831.286
-1385.63
 1372.12
-857.856
 878.937
-1361.11
 1350.14
-898.256
 918.443
-1328.96
  1318.7
-922.752
 943.452
-1278.12
 1267.41
-934.564
  955.49
-1253.99
 1243.08
-956.304
 976.309
-1209.78
 1199.85
-974.733
 993.288
-1167.69
 1159.29
-987.817
 1005.18
-1127.71
 1120.62
 -994.28
 1010.22
-1110.76
 1105.14
-1008.31
 1022.08
-1082.19
 1078.77
-1019.75
 1031.81
-1058.49
 1056.82
-1024.74
 1035.32
-1048.42
 1048.25
-968.165
 981.027
-960.804
 959.402
-1018.83
 1036.01
 -974.27
  967.98
-1039.37
    1059
-953.033
 944.212
 -1044.5
 1065.09
-936.385
 926.645
-1052.03
 1076.56
-896.856
 883.328
-1061.26
 1090.94
-854.028
 835.503
-1066.36
 1097.66
-831.427
 811.362
-1078.36
 1112.08
 -786.24
 763.908
-1088.65
 1121.43
-742.943
 721.718
-1035.24
 1065.53
-664.456
 646.666
-1059.62
 1087.67
-661.478
 645.786
-1083.71
  1107.3
-644.666
 633.285
-1084.47
 1108.14
-616.717
 605.385
 -1092.2
 1119.49
-591.329
  576.47
-1096.54
 1125.87
-577.056
 560.189
 -1095.3
  1129.1
-540.052
 518.946
-1103.83
 1141.15
-504.827
  480.34
-1196.67
 1234.49
-502.495
 476.509
-1185.56
 1223.18
-477.311
 451.888
-1170.48
 1208.24
 -431.48
 406.306
-1181.12
 1216.88
-399.973
 376.894
-1187.74
 1221.61
-386.062
 364.895
-1158.41
 1189.92
-348.595
 330.309
 -1132.1
 1165.16
-313.554
 294.176
-1173.73
 1208.75
-310.015
 288.221
-1211.85
 1247.33
-290.895
 268.473
-1223.87
 1256.31
-266.969
 247.617
-1224.08
 1255.12
-243.221
 225.417
 -1227.8
 1258.57
-233.313
 215.796
-1237.47
 1266.68
-215.299
  199.36
-1247.61
 1275.15
-199.947
  185.67
-1249.91
 1277.02
 -184.37
 170.605
 -1250.6
 1278.48
-176.374
 161.871
-1257.05
 1283.65
-164.045
 150.838
-1261.17
 1285.78
-158.983
 147.756
-1268.77
 1290.62
-151.738
 143.247
-1194.93
 1213.89
-139.075
 134.302
-1144.59
 1162.11
-130.393
 127.613
-1160.11
 1177.96
-131.745
 128.471
-1165.84
 1183.86
-130.788
 127.353
-1234.08
 1253.74
-135.708
 129.737
-1290.5
1311.37
-139.62
131.863
-1269.62
 1293.14
-129.684
 119.616
-1202.11
 1225.39
-114.891
 105.896
-1206.51
 1229.81
-111.112
 102.073
-1281.82
 1306.68
-109.187
 97.6563
-1298.89
 1325.75
-98.7487
 85.2668
-1283.42
  1311.9
-84.4947
 69.6206
 -1285.2
 1313.23
-78.2844
 63.8725
-1292.81
 1320.17
-66.4842
 52.7313
-1298.04
 1323.61
-57.5227
 45.5607
-1299.34
 1322.96
-54.7368
 44.7344
-1297.56
 1317.62
-51.8001
 45.3962
-1299.05
 1318.46
-50.9459
 45.1632
-1300.37
 1317.88
-53.4137
 49.5073
-1300.56
 1316.77
-55.1659
 52.5575
-1297.93
 1312.39
-60.9251
 60.0486
-1296.3
1309.06
-68.584
69.3902
-1298.73
 1311.33
-72.8575
 73.7624
-1296.76
 1309.51
-81.2189
  81.962
-1271.03
 1284.83
-86.0563
 85.9627
-1269.01
 1282.78
-89.7607
 89.6948
-1259.72
 1271.62
-96.9419
 98.8201
-1292.88
 1305.59
-107.011
 107.627
-1280.07
 1295.09
-110.919
 109.373
-1265.46
 1281.25
-111.278
  109.11
-1256.41
 1271.11
-114.928
  113.93
-1286.14
 1299.73
-122.776
 122.469
-1305.69
 1320.08
-126.876
 125.557
-1291.69
 1308.08
-128.125
 124.994
-1273.42
 1290.33
 -128.04
 124.567
-1278.29
 1294.04
 -130.43
 128.058
-1286.99
 1302.34
-133.462
 131.359
-1285.89
 1295.22
-144.036
 147.931
 -1281.8
 1284.06
-160.431
 171.346
-1278.43
 1280.08
-169.405
 180.911
-1272.08
 1275.94
-186.389
 195.639
-1267.64
 1273.79
-201.193
 208.118
-1265.54
 1270.67
-209.289
 217.206
-1260.26
  1259.3
-229.755
   243.7
-1233.04
 1227.53
-249.498
 268.058
 -1216.6
 1210.38
-259.197
 278.571
-1217.27
 1210.57
-287.664
 307.458
-1212.36
 1202.51
-317.705
 340.581
-1231.94
 1218.41
-359.086
 385.131
-1239.19
    1225
-379.919
 406.388
-1234.65
  1221.1
  -415.4
 441.149
-1200.17
 1187.05
-438.437
 463.977
-1172.75
 1159.43
-445.553
 471.516
-1173.92
  1157.8
-483.474
 511.949
 -1165.6
 1148.85
-517.481
 546.516
-1162.57
 1146.66
-534.508
  562.64
-1122.26
  1109.5
-547.986
 573.287
-1090.54
 1078.96
-562.028
  586.31
-1094.67
 1083.46
-592.203
 615.946
-1090.53
 1080.24
-603.128
 625.925
-1081.48
 1075.08
-619.287
 638.168
-1074.72
 1074.16
-629.648
 642.678
-1070.89
 1072.61
-631.751
 642.527
-1065.41
  1070.4
-632.679
 640.225
-1066.96
 1073.68
-634.073
 639.852
-1095.79
 1104.58
-647.992
 651.303
-1088.18
 1097.91
-641.103
 643.588
-1087.92
 1099.29
-633.864
 634.782
-1091.89
 1104.34
-627.683
 627.525
-1060.92
  1072.9
 -601.92
 602.699
-1033.62
 1045.76
-582.067
 583.054
-1064.23
 1078.23
-589.415
 588.161
-1060.91
  1077.4
-575.659
 572.067
-1065.32
 1081.52
-572.219
 568.903
-1072.18
 1085.31
-566.229
 565.946
-1077.36
 1086.69
-564.177
  567.66
-1075.68
 1081.92
-563.318
 569.916
-1074.12
 1079.34
-564.003
 571.625
-1070.14
 1071.86
-569.085
 580.224
-1069.71
 1067.54
-579.943
 594.921
-1066.32
  1064.8
-583.436
 597.777
-1059.63
 1058.56
-593.168
 607.061
-1054.13
 1052.64
-601.738
 616.074
-1047.39
 1046.82
-609.122
  622.56
-1044.61
 1045.29
-611.394
 623.586
-1041.04
 1046.99
-612.953
 619.906
-1040.01
 1049.15
-611.051
 614.823
-1027.81
 1036.65
-601.026
 605.292
-1029.81
 1038.69
-599.905
  604.12
 -1037.8
  1049.4
-598.507
 599.908
-1043.34
 1058.74
-591.512
 589.094
-1050.43
 1066.66
-589.527
 586.211
-1056.01
 1072.43
-579.171
 575.686
-1015.61
 1032.66
-544.087
   540.6
-1007.51
 1026.65
-524.808
 519.429
-1015.87
 1036.89
-520.798
 513.479
-1031.71
 1054.04
-510.869
 502.051
-1016.43
 1038.71
-484.918
 476.344
-1018.63
  1040.4
-477.587
 469.709
-995.627
    1018
 -449.52
 441.497
-1014.32
 1038.08
-440.569
 430.951
-1084.67
 1108.89
-451.183
 440.263
-1092.43
 1116.66
-445.107
  434.14
-1099.08
 1122.55
 -428.92
 418.813
-1110.77
 1136.47
-413.767
 401.406
-1131.39
 1156.79
-402.492
 390.266
-1138.47
 1161.83
-396.903
 386.694
-1145.72
 1163.91
-387.938
 382.883
-1149.17
 1161.23
-385.404
 386.483
-1149.76
 1160.17
 -385.58
   388.3
 -1149.5
 1159.34
-387.251
 390.545
-1147.97
 1158.66
-388.751
 391.202
-1147.43
 1156.83
-390.815
 394.555
-1146.23
 1152.43
-395.643
 402.574
-1103.21
 1109.19
-387.354
 395.008
 -1064.2
 1070.82
-376.499
 383.965
-1091.91
 1100.43
-391.038
 396.233
-1169.36
 1180.71
-420.272
 421.595
-1176.74
  1189.2
-422.179
 422.415
-1129.71
 1141.04
-404.852
 406.795
-1088.89
 1099.85
-389.606
 392.404
 -1107.6
 1121.42
-393.411
 393.108
-1087.74
 1105.99
-379.875
 375.468
-1101.75
 1120.67
-380.447
 375.221
-1165.46
 1184.45
-392.294
 386.149
-1168.66
 1188.06
-383.196
 376.775
-1170.93
 1188.59
-380.862
 376.177
-1176.82
 1189.63
-379.114
 379.252
-1182.16
 1192.95
-381.164
 383.274
-1168.19
 1178.92
-377.118
 379.445
-1104.65
 1117.68
-355.911
 356.614
-1126.31
 1141.96
-360.392
 358.302
-1142.13
 1156.15
 -362.52
 361.872
-1151.06
 1164.61
 -363.85
 363.599
 -1154.3
 1169.84
-360.888
 358.622
-1158.53
 1176.97
-355.765
 350.584
 -1160.7
 1179.51
-352.737
  347.18
-1165.72
 1183.25
-347.284
 342.997
-1168.26
 1185.31
-341.234
  337.46
-1171.46
 1187.56
-338.061
   335.2
-1173.99
 1188.19
-337.552
 336.588
-1174.58
 1187.62
-336.158
 336.352
-1172.69
 1186.01
-335.337
 335.272
-1172.63
 1184.91
-336.152
 337.141
-1173.97
 1183.72
-339.485
 342.969
-1173.85
 1182.68
 -341.38
 345.775
-1173.15
 1183.08
-344.827
 348.123
-1140.88
 1152.23
-337.587
 339.822
-1106.21
  1122.4
-327.981
 325.761
-1138.67
 1157.29
-330.814
 325.853
-1229.87
 1249.36
-349.241
 342.313
-1232.57
 1249.64
-343.544
 339.145
-1159.37
 1175.33
-320.939
 318.463
-1105.34
 1122.54
 -300.41
  297.39
-1156.68
 1177.65
-306.044
 298.658
-1158.54
 1180.58
-301.296
 292.838
-1164.29
 1187.71
-290.307
 280.514
-1170.92
 1197.75
-275.906
   262.7
-1181.95
 1212.96
-258.046
 240.654
-1183.29
 1215.95
-246.829
 227.832
-1191.86
 1226.41
-223.488
 202.634
-1206.01
  1241.7
 -199.73
 177.737
-1215.84
 1251.92
-187.747
 165.336
-1227.87
 1265.72
-161.144
 137.002
-1239.02
 1276.91
-135.384
  111.24
-1250.21
 1286.63
-109.795
 87.1818
-1259.85
 1296.09
-98.7345
  76.258
-1276.87
 1308.97
-79.8061
 61.4532
-1276.66
 1306.45
-63.8924
 47.8877
-1271.68
 1300.66
-57.2148
 42.1184
-1283.54
 1312.28
-43.5996
 28.7523
-1308.47
 1339.73
-28.9456
 11.4029
-1313.77
 1344.69
-22.3079
 5.10956
-1248.19
 1277.15
-8.76963
-5.79903
-1258.28
 1287.66
 3.72034
-18.6648
 -1299.6
 1331.75
 19.5239
-37.5687
-1321.86
 1355.38
 28.6889
-48.2634
-1327.34
 1361.48
 46.5183
-66.6607
-1341.05
 1374.25
 63.3827
-82.6198
-1353.45
  1381.6
 73.1221
-87.3662
-1357.55
 1382.08
 74.9568
 -85.608
-1360.59
 1381.52
 75.4875
-82.5516
-1362.96
 1384.23
 74.4349
-81.8875
-1370.08
 1390.93
 72.6292
-79.7368
-1369.33
 1383.33
 60.9834
-61.2997
 -1364.6
 1370.78
 41.1997
-33.7523
-1356.77
 1361.45
  18.504
-9.60293
-1352.88
 1357.94
 7.37693
 1.10857
-1344.71
  1349.4
-16.0794
 24.8833
-1337.09
 1337.19
-43.2911
 56.5813
-1299.69
 1297.67
-55.3979
 71.1117
-1226.08
 1223.11
-78.2218
 95.4799
-1241.42
 1239.55
-106.369
 122.285
-1259.56
  1258.5
 -134.48
 149.055
-1215.66
 1214.49
-141.306
 156.417
-1223.47
 1223.55
-164.706
 178.435
-1217.06
 1215.53
-187.561
 202.836
-1213.66
 1210.32
-199.775
 216.821
-1203.91
 1197.82
-225.222
 244.959
-1216.89
 1212.07
-254.361
 272.504
-1223.98
 1221.59
-280.756
 296.226
-1226.59
 1223.93
-293.493
 309.134
-1222.87
 1218.35
-317.169
 334.584
-1217.59
 1213.64
-339.576
 356.317
-1213.99
 1211.16
-361.315
 376.849
-1210.91
 1209.25
-369.478
 383.826
-1206.91
 1211.33
-381.697
 389.923
-1176.22
 1182.97
-376.663
 382.905
-1148.16
 1156.32
-374.282
 379.399
-1205.78
 1213.99
-398.625
 402.912
-1207.25
 1216.18
-402.901
 406.491
-1206.52
 1216.98
-403.429
 405.488
-1205.42
 1220.84
-399.612
 396.746
-1210.02
  1228.6
-394.051
 388.005
-1216.27
 1233.09
-388.474
 384.167
-1218.05
 1234.65
-385.304
 381.226
-1220.34
 1238.23
-378.142
 372.784
-1224.55
 1242.21
-372.693
 367.562
-1228.32
 1240.66
-372.362
  372.52
-1229.13
 1238.81
-373.659
 376.466
-1170.07
 1178.15
-360.102
 365.171
 -1103.2
 1114.42
-342.091
  344.78
-1146.79
 1160.31
-355.463
 355.336
-1192.53
 1205.02
-370.521
 370.815
-1197.87
 1204.83
-378.029
 383.854
-1195.44
 1196.68
-389.701
 401.218
-1190.71
 1188.54
-405.248
 420.128
-1181.79
 1180.28
 -410.35
 424.615
-1178.12
 1178.38
-426.041
 438.481
-1173.38
  1171.6
-441.862
 456.274
-1172.31
 1168.77
-451.359
 467.482
 -1171.3
 1164.72
-473.361
 492.403
-1162.14
 1157.88
-490.327
 507.031
-1158.17
 1155.35
-498.364
 513.617
-1150.74
  1150.1
-510.715
 523.789
-1144.37
 1147.81
 -518.38
 527.372
-1139.74
  1146.9
-520.823
 526.116
-1139.28
 1148.34
-521.037
 524.429
-1139.57
 1151.65
-518.435
 518.808
-1098.37
 1113.51
-493.083
  490.84
-1046.63
 1063.33
 -465.28
 462.147
-1014.55
 1036.04
-438.089
 430.801
-1043.77
 1067.16
-434.832
 425.397
 -1160.7
 1184.13
-463.518
 452.527
-1205.75
 1229.88
-470.905
 458.773
-1146.02
  1172.9
-425.829
 411.871
-1166.19
 1196.44
-408.286
 390.808
-1187.69
 1217.72
-403.643
 386.212
-1200.02
 1224.98
-387.244
 374.878
-1210.67
 1231.96
-374.933
 366.214
-1214.16
 1235.49
-368.557
 359.796
-1282.02
 1305.44
-374.111
 362.531
-1235.11
 1258.96
 -344.95
 333.619
-1206.02
 1229.33
-321.919
 311.609
-1246.39
 1266.66
-322.028
 314.211
-1268.38
  1287.4
-323.494
 316.715
-1261.89
 1279.53
-315.135
 309.944
-1262.61
 1277.35
-313.373
 311.085
-1264.67
 1275.93
-316.231
 317.394
-1264.64
 1267.88
-327.216
 336.355
-1256.74
 1256.49
 -342.42
 355.037
-1243.71
  1241.5
-359.519
 374.127
 -1238.2
 1234.68
-369.746
 385.668
-1227.08
 1218.85
-393.889
 414.487
-1214.09
 1202.54
-420.396
 444.288
-1206.48
 1194.52
-434.342
  458.64
-1189.97
 1177.65
-461.232
 485.892
-1174.57
 1161.22
 -489.21
 514.896
-1167.23
 1152.71
 -503.38
 530.219
-1151.85
 1136.07
-532.248
 560.329
-1136.09
 1120.34
-560.409
 588.452
 -1128.2
 1112.48
-574.722
 602.734
-1113.02
 1096.25
-602.699
 631.742
-1097.56
 1080.31
-631.138
 660.651
-1070.41
 1051.48
-652.929
 684.253
-1066.57
 1049.56
-686.086
 715.332
-1040.59
 1026.31
 -684.71
 711.485
-1021.92
 1009.84
-700.658
 725.305
-1014.74
 1001.68
-723.747
 749.344
-1006.28
 993.069
-731.192
 756.953
-996.746
 982.424
-753.912
 780.784
-994.865
  977.28
 -785.44
 815.385
-986.784
 967.337
-816.208
 847.885
-979.614
  960.54
-828.489
  859.79
-972.199
 956.156
-855.513
  883.73
-926.479
 913.967
-842.185
 867.401
-910.821
 898.821
 -852.95
 877.734
-905.276
 893.016
-859.725
 884.795
-925.477
 913.285
-903.283
  927.77
-914.202
 900.349
-918.037
 944.249
-908.809
 894.245
-925.966
 952.895
-898.458
 885.264
-939.737
 965.311
 -889.17
 879.709
-950.472
 972.337
-880.061
 868.049
-962.646
 987.089
-875.225
 861.158
-969.046
 995.558
 -864.78
 849.218
-984.031
 1012.06
-855.246
 842.204
-997.601
 1023.12
 -850.34
 837.875
-1004.74
 1029.69
-840.125
 824.932
-1019.08
 1046.78
 -828.29
 808.802
-1038.85
 1070.85
-814.374
  791.06
-1062.55
 1098.38
-807.168
 784.537
-1073.59
 1108.75
-791.984
 770.988
-1096.64
 1130.16
-776.814
 752.757
-1122.43
 1159.02
-760.293
  732.61
 -1152.2
 1192.42
-751.039
 722.796
-1167.56
 1208.33
-731.897
 703.136
-1199.47
 1240.77
-712.375
 682.736
-1232.15
 1274.33
-701.698
 670.993
-1250.16
 1293.42
 -678.18
 642.649
-1290.73
  1338.8
-652.051
 613.709
-1335.58
 1386.47
-638.664
  600.35
-1357.65
 1408.52
-612.349
 576.238
-1400.63
  1449.3
-586.929
 550.926
-1442.97
 1491.53
-573.656
 536.983
-1465.23
 1514.47
-546.792
 508.148
-1511.81
 1563.01
-518.913
  479.78
-1559.47
 1611.17
-493.563
 456.849
-1601.43
 1650.71
-481.031
  445.75
-1621.97
 1669.81
-453.801
 415.487
-1668.55
 1719.42
-425.385
 384.589
-1716.97
 1770.32
-396.849
 356.807
-1764.28
 1816.89
-383.711
  344.87
-1785.52
 1836.92
-357.325
 319.333
-1828.49
 1879.04
-343.305
 304.144
-1851.73
 1903.46
-313.602
 271.546
-1901.19
 1955.83
-284.034
 242.022
-1949.24
 2003.84
-252.993
 210.465
-1999.17
 2054.28
 -220.37
 176.151
-2051.81
 2108.63
-202.665
 157.154
-2080.63
 2138.75
-167.843
 121.272
-2136.24
 2195.44
-151.907
 106.212
-2160.92
 2219.25
-123.634
 80.4205
-2204.76
 2260.62
-97.2095
 54.6364
-2246.52
 2301.75
-82.7373
  38.878
-2269.98
 2326.51
-57.3504
 12.8976
-2309.88
 2367.02
-39.1455
-2.73759
-2374.08
  2428.4
-24.8243
-17.0819
-2465.14
 2519.13
-14.5693
-28.4026
-2488.63
 2543.65
 12.7448
-60.8672
-2534.46
 2594.63
 34.4325
-80.2899
-2464.86
  2523.4
 53.5851
-95.9489
-2392.54
 2448.18
 73.8685
-117.396
-2434.85
  2491.6
 83.9687
-127.936
-2450.19
  2507.4
 106.956
-152.187
-2476.62
 2535.16
 142.901
-194.021
 -2661.7
 2725.35
 158.413
-210.295
-2689.63
 2754.03
 198.666
-253.722
-2761.19
 2828.78
235.916
-291.92
-2737.3
2806.35
 255.148
-310.974
-2780.02
 2848.83
 275.357
-326.625
-2744.08
 2808.71
 295.468
-345.102
-2731.73
 2795.05
 335.474
-388.828
-2955.75
 3021.71
 351.149
  -403.2
-3058.21
 3122.51
  342.36
-391.055
-2983.94
 3045.24
 335.325
 -381.91
-2974.74
 3033.89
 335.804
-383.765
-2988.99
 3049.44
 337.517
-386.946
-3000.18
 3062.05
 322.192
-368.314
-2935.84
 2994.64
 303.934
-345.911
-2876.74
 2931.54
 296.744
-340.432
-2880.24
 2936.67
 295.934
-341.008
-2881.73
 2939.53
 266.045
-306.933
-2519.49
 2574.95
 283.177
-327.333
-2585.51
 2644.08
 308.679
-356.905
-2776.86
 2838.51
  332.48
-382.372
-2934.01
 2996.68
  343.26
-393.574
-2956.92
 3019.98
 355.723
-407.477
-2978.09
 3042.59
 363.683
-416.251
-2993.03
 3058.33
  372.28
-424.256
-3008.62
 3073.31
 370.268
-419.108
-3003.81
 3065.37
  367.83
-415.183
-3002.72
 3062.76
 363.221
-410.728
 -3006.8
 3066.92
 357.085
-404.812
-3002.96
 3063.26
 342.957
-388.298
-2983.18
 3041.07
 341.863
-388.422
-3093.77
 3152.21
 346.297
 -395.36
-3143.39
 3204.06
 319.881
-367.473
-2907.98
 2968.34
  286.96
-326.835
-2706.31
 2759.84
 278.649
-316.387
-2694.76
 2746.12
 291.411
-334.344
-2962.49
 3017.52
 264.724
-305.673
 -2807.9
 2861.64
  237.74
-275.145
   -2681
  2731.7
 225.534
-260.974
-2646.34
 2695.15
 198.795
-230.838
-2579.12
 2624.68
 189.614
-225.351
-2815.58
 2863.32
 190.436
 -230.21
-2974.47
 3025.27
 190.721
-237.714
-2996.07
 3054.04
 209.658
-264.142
-3044.73
  3110.1
 222.194
-275.977
-3033.42
 3098.26
 215.692
-265.053
-2885.17
  2946.4
 212.696
-257.981
-2801.45
 2859.05
 202.229
-243.328
-2775.53
 2828.99
 199.221
-239.743
-2836.98
 2889.45
 196.341
-239.232
-2917.14
 2971.49
 203.081
-251.643
-2944.35
  3004.3
 210.691
 -263.06
-2965.39
  3029.1
 226.659
-279.632
-2990.15
 3054.48
 245.516
-298.983
-3028.62
 3093.39
 272.258
-328.964
-3069.41
 3137.46
 335.207
-401.436
-3418.89
 3494.96
 365.718
-435.057
-3490.87
    3570
 450.804
-529.883
   -3683
 3771.58
 527.343
-610.359
-3639.99
 3733.52
 569.891
-654.395
-3619.09
 3714.65
 699.074
-789.122
-3851.02
 3952.01
 815.725
-906.042
-4072.57
 4173.65
 919.922
-1010.63
 -4261.8
 4363.16
 970.126
-1062.29
-4344.22
 4447.04
 1086.29
-1183.68
-4555.01
 4662.93
 1196.68
-1297.42
-4759.28
 4870.42
 1246.72
-1348.27
-4852.38
 4964.27
 1324.84
-1427.13
-4963.04
 5075.77
 1430.22
-1537.09
-5151.66
 5268.88
 1493.17
-1603.35
 -5274.3
 5394.73
 1608.35
-1722.74
-5506.35
 5630.73
 1664.89
 -1779.1
-5566.75
 5691.14
 1761.73
-1879.35
-5784.45
  5911.9
 1799.41
-1918.07
 -5875.8
 6004.12
 1779.97
-1893.67
-5843.62
 5966.99
 1651.35
-1751.98
-5626.48
 5736.77
 1557.83
-1651.17
-5435.47
 5538.67
 1407.54
-1493.64
 -5144.1
  5240.3
 1335.57
-1423.09
-5040.79
 5138.32
 1319.75
-1409.33
-5024.45
    5124
 1321.23
-1415.87
-5051.02
  5155.5
  1191.4
-1276.42
-4544.07
 4640.62
 1299.84
-1394.01
-4951.06
 5055.46
 1343.22
 -1441.2
-5113.67
 5221.33
 1390.35
-1492.51
-5232.16
 5343.79
 1520.11
-1633.79
-5572.42
 5694.84
 1503.97
-1614.22
-5314.43
 5434.75
 1567.91
-1681.86
 -5434.8
 5558.72
 1742.23
-1864.86
-5872.84
 6004.62
 1968.99
-2104.02
-6461.11
 6604.01
 2066.39
   -2207
-6681.55
 6829.73
 2232.92
-2382.02
-6967.26
 7123.86
 2312.77
-2462.81
-7000.84
 7158.95
 2371.21
-2521.71
-7112.46
 7270.94
 2577.38
-2737.02
-7535.44
 7702.61
 2807.81
 -2978.8
-8010.06
 8188.03
  2970.3
-3146.67
-8352.81
 8535.71
 2973.51
-3147.28
-8401.02
 8581.08
 2819.58
-2979.46
-8203.14
 8368.96
 2431.64
 -2569.2
-7341.44
 7486.18
 2166.42
-2291.45
-6744.88
 6877.95
 2110.65
-2235.17
-6654.05
 6786.61
 2031.44
-2154.66
-6624.43
 6755.15
 1897.55
-2016.79
-6420.04
 6546.63
 1896.89
-2018.59
-6522.22
 6650.73
 1720.34
-1833.24
 -6079.9
 6200.44
 1578.46
-1683.76
-5747.69
 5861.21
 1556.54
 -1661.9
-5729.52
 5842.99
 1563.97
-1674.54
-5846.29
  5964.4
 1625.07
-1742.95
-6082.82
 6207.38
 1737.02
 -1866.8
-6327.45
 6463.63
 1839.92
-1977.97
-6559.31
  6703.4
 2123.07
-2279.63
-7150.89
 7312.81
  2462.8
-2636.72
-7822.79
 8001.44
 2704.87
-2890.54
-8307.03
 8496.95
  3422.4
-3645.27
 -9753.8
 9979.42
 2745.41
-2916.22
-7266.14
  7447.7
 2480.05
-2626.65
-6102.11
 6263.69
 3123.77
-3301.23
-7414.23
 7605.29
 6327.32
-6655.53
-14084.2
   14418
  7492.6
-7868.65
-16240.8
 16621.2
 10116.1
-10596.3
-20846.2
 21329.3
 37243.1
-38924.2
  -72895
   74538
-37423.4
 39028.4
 69606.2
  -71141
-16330.8
 16995.8
 28823.8
-29452.2
-12721.6
 13224.7
 21840.4
-22312.8
-9303.21
 9647.94
 15051.1
-15371.6
-8030.64
  8317.7
 12600.2
  -12865
 -6454.9
 6670.71
 9539.84
-9735.95
-5418.92
 5588.39
 7540.86
-7692.26
-4705.75
 4841.05
 6140.43
-6258.92
-4136.59
 4244.69
 5048.87
   -5141
-3742.68
 3835.68
 4424.54
-4501.42
-3279.87
 3356.81
 3653.85
-3714.66
-3061.55
  3130.5
 3226.45
-3279.67
-2949.6
3021.08
3001.42
-3057.4
-3758.49
  3854.6
 3773.59
-3857.56
-4487.83
 4605.68
 4415.98
-4525.12
-4332.24
 4447.38
 4205.68
-4311.75
-4400.86
  4517.9
 4249.26
-4357.59
-3878.04
 3981.92
 3703.94
-3797.28
-2970.31
  3050.5
 2804.79
-2870.92
-2925.19
 3004.93
 2736.34
-2801.94
-2907.38
  2986.2
 2702.91
-2767.61
-2866.61
 2941.38
  2622.8
-2683.51
-2869.24
 2941.09
 2573.54
-2631.65
-3015.12
 3087.28
  2663.4
-2722.71
-2697.19
  2754.7
 2295.49
-2339.19
-2612.72
 2664.23
 2134.99
-2172.81
 -2383.6
 2431.12
 1881.73
-1914.81
-2407.04
 2456.54
 1872.37
-1907.71
-2497.93
 2551.42
 1894.39
-1934.49
-2561.07
 2615.37
 1895.74
 -1937.3
-2549.44
 2601.27
 1834.67
-1873.96
-2542.18
 2591.67
 1798.42
-1835.51
-2127.83
 2163.78
  1444.3
-1465.98
-1938.96
 1967.53
 1255.43
 -1268.9
-2066.62
  2094.8
 1269.29
-1283.52
-2096.24
 2124.39
 1254.45
-1269.08
-2083.27
 2112.82
 1190.76
-1207.01
-2108.61
 2140.36
 1156.33
-1175.23
-2129.93
 2161.41
 1142.39
-1161.37
 -2099.2
  2125.9
 1068.69
-1082.98
-2069.62
  2092.6
 995.732
-1006.46
-1974.16
 1992.71
 888.496
-894.492
-1905.83
 1921.53
 827.208
-830.135
 -1871.8
 1884.24
 751.447
-751.136
-1882.59
 1893.67
 694.755
-693.505
-1888.42
 1901.05
 642.716
-643.378
-1881.39
 1894.75
 615.151
-616.651
-1850.46
 1863.59
 557.945
-559.276
-1818.44
 1829.24
  500.98
-500.003
-1812.64
 1823.33
 478.155
-477.136
-1802.38
 1816.09
 438.126
-440.261
-1784.36
 1798.37
 398.201
-400.705
-1770.74
 1781.73
 357.836
-357.428
-1764.36
 1775.45
 340.067
-339.788
-1753.59
 1768.49
 310.658
-314.272
-1742.56
 1759.89
 285.892
-291.982
-1738.66
 1755.85
 274.596
-280.571
-1729.55
 1744.12
 247.732
-251.168
-1717.79
 1726.88
 214.118
 -212.14
-1701.68
 1708.68
 194.066
-189.973
-1681.36
 1684.49
 152.012
-144.099
-1661.11
 1660.36
 105.906
-94.1754
-1651.33
 1648.41
 81.6636
-67.8082
-1632.17
  1629.3
 37.5099
-23.7767
-1616.26
 1617.94
0.922379
 8.18658
-1602.14
 1606.18
-30.7155
 37.4154
 -1596.9
 1600.07
-46.5347
 54.0598
-1586.62
 1589.08
-75.4454
 83.6082
 -1576.3
 1582.59
-98.3601
 102.651
-1567.49
 1578.03
-114.569
 114.594
-1563.39
 1574.26
-122.548
 122.232
 -1556.2
 1564.86
-138.897
 140.761
-1552.19
 1559.41
-148.162
 151.459
-1542.54
 1547.11
-168.876
 174.801
-1536.93
 1540.28
-180.462
 187.589
-1525.47
 1527.56
-203.334
 211.696
-1513.44
  1516.5
-224.776
 232.159
-1507.33
 1510.73
 -234.96
 242.006
 -1496.1
 1500.12
-253.606
 260.032
-1485.44
 1488.27
-273.064
 280.669
-1480.21
 1482.58
-282.295
 290.352
-1469.72
 1473.15
-299.772
 306.768
-1458.09
 1458.36
-321.081
 331.221
 -1410.9
 1405.08
-339.588
 356.172
-1355.16
  1347.2
-340.546
 359.819
-1328.53
 1320.63
-364.837
 384.204
 -1375.2
 1366.93
-412.151
 431.077
-1380.98
 1370.67
-433.261
 454.049
-1338.65
 1324.41
-457.094
 482.034
-1343.39
 1334.52
-492.433
 511.843
-1336.81
 1329.64
-520.649
 538.259
-1334.14
 1326.66
-534.068
 551.962
-1273.46
 1264.59
-537.312
  557.18
-1263.65
 1251.44
-565.647
 588.745
-1271.04
 1257.97
 -586.33
 610.093
-1266.22
 1250.21
-623.323
 649.864
-1244.23
 1222.28
-657.684
 690.196
-1220.69
 1194.04
-697.576
 734.809
-1208.12
 1180.92
-717.126
 754.917
-1183.24
 1158.35
-754.906
 790.396
-1158.16
 1130.38
-795.609
     834
-1144.85
 1113.85
-817.108
  858.74
-1116.93
 1083.26
-860.211
 904.545
-1088.87
 1058.02
 -900.83
 942.363
-1062.57
 1035.09
 -937.08
 975.293
-1049.65
 1022.08
-954.772
 993.104
-1024.81
 994.649
-991.037
    1032
-1000.07
 970.766
-1025.76
 1065.91
-987.523
 958.832
-1043.04
 1082.59
-962.428
 932.635
 -1077.3
 1118.02
-935.818
 903.396
-1114.11
 1157.51
-907.189
 870.563
-1155.31
 1202.96
-891.841
 853.969
-1176.75
 1225.68
-860.392
 822.092
-1220.21
 1269.61
-827.901
 788.846
-1265.06
 1315.28
-763.639
 722.091
-1261.85
 1315.14
-698.686
 658.315
-1197.92
 1251.05
-660.135
 621.989
-1226.47
 1277.72
-665.526
 625.577
-1343.78
 1395.99
-670.946
 628.696
-1416.58
  1470.6
-647.721
 600.394
-1508.04
 1566.87
-610.637
 560.692
 -1581.6
 1642.98
-572.472
  523.44
-1656.46
 1716.87
-530.522
   483.4
-1620.56
 1679.68
-475.911
 428.313
-1640.22
 1700.26
-471.224
 417.531
-1868.96
  1933.7
-424.556
 369.914
 -1960.7
 2026.41
-401.156
 346.341
-2010.57
 2076.39
 -334.67
 281.083
-2003.29
 2068.59
 -273.65
  218.77
-2033.38
 2100.39
-244.705
 189.338
-2058.27
 2125.89
-193.739
 136.358
-2200.89
 2270.19
-137.477
 77.7681
-2346.57
 2417.83
-74.9509
 17.0719
-2349.89
 2419.96
-45.1098
-12.8736
-2394.46
 2464.66
 17.1102
-77.3356
-2500.07
 2572.49
 82.4624
-146.717
-2830.15
 2905.21
  105.76
-167.791
-2920.09
 2992.61
 136.615
-192.075
-2989.27
 3055.21
 153.897
-206.174
-2996.21
 3059.07
 162.282
-214.403
-2999.12
 3061.88
 179.326
-232.792
-3045.71
 3109.73
 173.579
-220.768
-2845.78
 2904.62
 172.984
-217.556
-2847.89
 2904.09
 171.687
-215.663
 -2847.5
 2903.09
 165.829
-209.018
-2843.33
 2898.09
 147.059
-186.244
-2818.16
 2868.88
 132.384
-168.434
-2795.93
  2843.5
 100.709
-132.884
-2749.41
 2793.06
 73.4832
-105.751
-2712.62
 2756.32
 51.7751
  -86.39
-2687.63
 2733.63
 37.3269
-67.4079
-2493.72
 2536.19
 15.1724
-41.6612
-2393.27
 2432.53
-6.27113
 -21.808
-2456.19
 2496.42
-30.6516
 3.99909
-2437.63
 2476.33
-43.4297
  18.213
-2413.79
 2451.07
-69.9031
 46.4854
-2376.27
  2411.7
-107.107
 80.5952
 -2553.4
 2590.47
-130.823
 103.468
-2528.72
 2566.62
-127.561
 101.243
-2347.59
 2385.56
-129.265
 104.173
-2152.62
 2190.47
 -145.76
 119.657
-2239.24
 2277.44
-152.094
 124.581
-2268.77
 2308.14
-158.259
 129.084
-2266.02
 2307.02
-176.929
 147.698
-2360.86
 2401.14
-196.167
 166.233
-2444.85
 2485.16
-199.225
 168.841
-2431.98
 2472.79
-193.737
 161.801
-2337.31
 2380.31
-192.488
 158.561
-2346.09
 2391.04
-163.215
 129.638
-2122.21
 2168.41
-138.685
 110.593
-1896.53
 1938.88
-160.707
 129.019
 -2228.4
 2271.98
-171.049
 135.987
-2402.68
 2448.52
-159.818
 119.056
-2456.82
  2508.3
-133.448
 88.5411
-2428.73
 2484.78
-118.719
  74.462
 -2375.4
 2431.25
-99.8345
 56.7903
-2421.04
 2475.59
-92.4138
 50.1271
-2443.16
  2496.9
-84.5535
 45.0758
   -2475
 2525.81
-84.8907
 47.5452
-2482.04
 2530.66
-93.1402
 60.7284
-2471.91
 2515.56
-108.283
 79.4331
-2443.43
 2483.53
-129.342
  103.07
-2421.07
 2458.52
-155.752
 132.733
-2387.84
 2421.95
-170.322
 149.084
 -2365.9
 2398.22
-187.772
 169.311
-2225.33
 2255.53
-204.536
 184.633
-2156.04
  2187.9
 -221.35
 199.293
-2222.73
 2256.22
-245.303
 223.179
 -2241.6
 2274.83
 -266.27
 246.817
-2211.59
 2242.11
-279.183
 256.041
-2199.89
 2234.05
-285.539
 258.315
-2188.51
 2226.79
-289.929
 264.251
-2170.19
 2206.98
-307.726
 287.896
-2158.98
  2189.8
-326.216
 307.392
 -2146.5
 2176.16
-334.389
 314.505
-2140.39
 2171.12
-347.218
  325.39
-2129.11
 2161.74
-338.261
 317.023
 -2012.4
 2045.21
-346.187
 321.992
-2037.58
 2073.12
-346.064
 319.324
-2048.51
 2086.54
-363.537
 331.066
-2190.94
  2233.7
 -360.05
   328.4
-2182.28
 2224.31
-327.857
 302.291
-1996.72
 2034.04
-331.972
  304.67
-2042.16
 2080.94
-333.412
 304.091
-2080.81
 2121.36
-337.157
 307.796
 -2110.7
 2151.08
-332.975
 302.926
-2129.78
 2170.78
-323.021
 287.182
-2172.18
 2218.83
-304.958
 265.275
-2205.07
 2255.55
-294.224
 253.453
-2224.92
 2276.48
-241.196
 205.522
-1986.24
 2034.64
-186.095
 153.013
-1734.47
 1782.42
-179.323
 138.817
-1965.11
    2019
-183.624
 137.452
 -2227.2
 2285.18
  -158.2
 105.491
-2478.74
 2541.97
-116.353
 61.5306
-2555.31
 2620.76
-97.6974
 43.6666
-2584.24
  2648.9
-56.9424
 3.02728
-2652.73
 2717.27
-11.9129
-45.9995
 -2744.8
 2813.25
 38.1472
 -98.654
-2837.96
 2908.95
 61.4406
-120.833
-2789.99
 2860.38
  109.24
-167.916
-2781.48
 2851.68
 162.698
-223.588
-2830.51
 2903.18
 215.12
-276.66
-2890.2
2963.62
 231.284
-290.232
-2789.58
 2861.03
 295.567
-358.355
-2916.45
 2991.77
 331.159
-396.446
-2973.89
 3051.72
  402.39
-470.538
-3067.56
 3148.45
 536.087
-614.217
-3585.95
 3675.01
 683.864
-773.213
-4030.09
 4129.15
 818.209
-914.724
-4287.46
 4393.54
 886.958
-986.246
-4405.93
 4514.76
 1025.68
-1128.94
-4658.42
 4771.09
 1203.19
-1314.46
 -5011.2
 5131.54
 1212.88
-1317.78
-4647.56
 4763.77
 1140.43
-1235.65
-4211.54
 4319.92
 1371.06
-1476.55
-4728.98
 4846.84
 2075.83
-2226.03
-6636.75
 6794.93
 2313.41
-2476.49
   -7075
 7245.88
 3073.76
-3276.37
-8502.51
 8711.96
 4495.53
-4764.22
-11228.9
 11502.3
 2930.68
-3105.99
-6945.91
 7135.82
 2334.72
-2470.03
-4985.96
 5141.57
 4032.89
-4236.44
-7783.98
    8008
 10039.9
-10472.9
-17641.8
 18095.9
-25706.3
 26664.8
 41411.1
-42350.6
-15071.6
 15605.1
 23284.2
-23801.2
-8522.47
 8793.21
 12113.3
-12369.3
-5989.97
 6161.68
 7898.39
-8055.39
-5468.44
 5621.64
 6986.23
   -7125
-4793.65
    4927
 5822.83
   -5942
-4571.17
 4701.26
 5361.96
-5478.42
-4585.65
 4717.07
 5299.05
-5417.35
-4287.12
 4409.42
 4825.64
-4934.71
-4038.29
 4153.15
 4442.33
-4543.78
-3945.05
 4055.91
 4284.74
-4382.21
-3760.07
 3861.63
 3969.04
-4057.25
-3316.06
 3401.78
 3398.62
-3470.02
-3200.63
 3280.91
 3179.25
-3245.34
-3197.72
 3276.99
 3083.04
-3148.71
-3157.66
 3235.91
 3002.56
-3067.26
-3073.24
  3147.7
 2837.94
-2898.99
-2999.63
 3071.79
 2700.04
-2758.88
-2953.59
 3028.07
 2616.91
-2678.11
-2939.55
 3015.48
  2590.6
-2653.26
 -3001.2
  3077.8
  2607.5
-2671.35
-2718.61
 2784.94
 2315.81
-2368.35
-2492.91
 2551.83
 2096.52
 -2140.7
-2466.71
 2520.82
 2014.75
-2054.36
-2604.53
 2662.53
 2098.46
 -2142.8
 -2677.4
 2736.53
 2106.89
-2153.14
-2683.21
 2741.21
  2057.6
-2102.95
-2679.03
 2734.64
 1997.08
-2040.35
-2442.5
2492.38
1771.51
-1808.1
 -2436.5
 2486.53
  1744.3
-1781.15
-2406.74
 2455.72
 1678.37
-1714.27
 -2368.2
 2417.61
 1616.93
-1653.24
-2350.69
 2401.15
 1577.54
-1614.96
-2346.86
 2398.36
 1565.38
-1603.88
-2265.75
  2316.1
 1491.19
-1528.25
-2067.66
 2111.27
 1333.74
-1363.03
-2031.89
  2072.6
 1294.26
-1320.47
-2022.26
 2060.89
 1255.98
-1280.24
-2141.79
 2184.01
 1301.52
-1330.31
-2158.23
 2200.47
 1281.25
-1310.34
-2146.86
 2186.86
 1255.74
-1282.63
-2149.48
 2185.82
 1216.88
-1240.35
-2229.59
 2267.45
 1223.82
-1249.58
-2218.05
 2256.14
 1200.17
-1226.16
 -2208.6
 2251.66
 1181.15
-1212.14
 -2170.1
 2222.43
  1171.9
-1211.85
-2180.09
 2232.09
 1182.22
-1221.88
-2186.26
 2237.38
 1189.37
-1228.16
-2190.99
 2240.55
  1191.4
-1228.66
-2189.62
 2235.47
 1180.42
-1214.03
-2186.85
 2230.99
 1170.75
-1202.68
-2178.97
 2220.87
 1147.66
 -1177.4
-2153.08
 2193.74
 1114.16
 -1142.6
-2182.75
 2223.53
 1118.83
-1147.66
-2234.06
 2272.28
 1114.17
-1141.01
-2231.8
2266.76
 1077.6
-1101.3
-2219.37
 2253.29
 1052.88
-1075.56
-2049.56
 2079.49
 936.657
-954.385
-2024.78
 2051.41
 883.907
-898.451
-2011.73
 2035.58
 853.726
-865.532
-1978.47
 1997.55
 788.375
-795.436
-1941.46
 1958.56
 723.327
-728.437
-1909.17
 1926.49
 665.545
-670.903
-1892.57
  1909.2
 636.287
-640.972
-1859.75
 1872.52
 575.613
-576.471
-1823.12
 1832.44
   513.7
-511.112
-1789.31
 1798.84
 458.166
-455.787
-1773.49
 1783.29
 431.833
-429.726
-1741.99
 1748.64
 376.313
-371.079
-1813.73
 1818.59
 339.787
-333.694
-1833.27
 1839.39
  320.15
-315.587
-1729.96
 1737.39
 263.088
-259.206
-1695.44
 1703.13
 221.668
-217.916
-1687.38
 1699.08
 192.981
-193.337
-1678.83
  1692.9
 181.257
-183.967
-1662.61
 1679.14
 161.288
-166.429
-1649.76
 1666.37
 144.094
-149.286
-1602.01
 1619.44
 127.719
-133.358
-1561.05
 1578.92
 119.172
-124.921
-1619.32
 1639.04
 114.391
-122.597
-1614.63
 1636.98
 110.178
 -120.97
-1614.99
 1640.04
 112.215
-125.704
-1622.23
 1655.54
 126.559
-148.304
-1598.46
 1640.32
  151.69
-181.627
-1650.22
 1697.36
 192.289
-227.805
-1637.79
 1686.05
 210.393
-246.772
-1635.76
 1682.28
 243.474
-277.886
-1651.07
 1689.05
 265.605
-291.487
-1661.12
 1695.42
   281.3
-303.513
-1664.12
 1698.06
 286.956
-308.796
-1669.31
 1702.77
 297.339
-318.689
-1669.14
 1696.92
  294.48
-310.161
-1664.31
  1685.9
 284.695
-294.191
-1660.97
 1682.26
 278.391
-287.596
-1561.76
 1581.58
 249.321
-256.317
-1443.54
 1463.78
 221.835
-228.254
-1407.44
 1428.42
 212.454
-219.164
-1476.41
 1498.57
 215.221
-223.705
-1627.32
 1651.41
 230.656
-242.646
-1460.38
  1482.3
 202.543
-211.205
-1457.52
 1477.51
 196.904
-203.271
-1476.26
 1492.79
 186.754
-189.949
-1594.12
 1615.01
  192.41
-201.117
-1589.56
 1612.51
 189.379
-200.122
-1586.57
 1610.54
 184.988
-196.727
-1586.59
 1605.36
 172.938
-179.546
-1581.81
 1595.67
 155.994
-157.739
-1576.53
 1590.24
 146.649
-148.247
-1562.14
 1576.43
 128.302
-130.454
-1559.52
 1571.13
 106.382
 -105.96
-1554.87
 1563.91
 93.6992
-90.7352
-1545.7
 1552.6
68.0777
-63.028
-1523.39
 1530.82
 42.4646
-37.8849
-1493.82
 1499.81
 16.0597
-9.93251
-1490.93
 1493.23
-0.84933
 10.6358
-1484.31
 1480.09
-37.0256
 53.1879
-1469.79
  1464.5
-55.9087
 73.1825
 -1448.1
 1442.76
-93.0747
 110.379
-1430.03
 1423.29
-130.737
 149.402
-1497.51
 1489.88
-180.283
  198.89
-1520.79
 1513.33
-204.823
 223.038
-1461.38
 1453.39
-234.828
 253.711
-1239.66
 1230.98
-227.223
 249.174
-1265.08
 1256.87
-265.701
 286.618
-1316.06
 1307.49
-295.394
 316.013
-1333.64
 1317.96
-343.318
 370.547
-1313.04
    1292
-384.394
 417.031
-1301.42
 1279.79
-405.993
 439.219
-1280.06
 1259.29
-447.814
 480.133
-1258.64
 1235.21
-492.112
 527.051
-1237.14
 1209.12
-538.366
 577.857
-1225.93
 1197.81
-560.925
 600.496
-1203.5
1178.86
-603.41
639.467
-1182.39
 1158.99
-643.396
 678.199
-1162.46
 1135.89
-685.596
 723.529
-1152.17
 1123.08
 -707.75
 748.179
-1093.49
 1062.41
-727.196
 770.001
-1087.24
 1055.74
-753.438
 796.578
-1069.93
 1035.78
-806.112
 851.856
-1048.54
 1009.31
-862.553
 913.256
-1016.99
 973.171
-917.956
 973.243
-1001.97
 956.916
-948.253
 1004.76
-974.285
 926.508
-1018.47
 1077.54
-948.175
 894.155
-1103.48
 1168.56
-841.019
 784.589
-1092.45
 1161.12
-807.339
 750.051
-1111.85
  1181.6
-780.191
 721.673
-1215.01
 1285.66
-800.167
 738.159
 -1422.1
 1494.65
-783.212
 719.104
-1489.37
 1563.75
-736.078
 669.568
-1612.63
 1689.35
-684.478
 618.518
-1738.88
  1814.8
-658.604
 592.635
-1807.49
 1883.27
-607.001
 538.751
-1969.02
 2046.68
-514.724
  445.71
-2014.11
 2093.12
-485.873
 418.082
-2086.27
 2163.92
-425.037
 363.637
-2190.75
 2261.97
-369.983
 309.823
-2316.51
  2386.3
-281.628
 220.618
-2245.01
 2316.95
-235.715
 174.687
-2176.68
 2249.48
-188.376
 118.608
-2597.77
 2677.27
-124.731
 51.5855
-2965.71
 3047.05
-74.9418
 10.2837
-2624.19
  2699.5
 6.09997
-71.3248
-2532.45
 2609.72
 100.673
-175.831
-2879.37
 2965.45
  158.37
-238.068
 -3121.6
 3211.36
 268.149
-350.483
-3456.78
 3548.26
 357.213
-437.528
-3625.02
 3714.35
 442.703
-523.878
-3782.18
 3872.28
 488.114
-571.045
 -3864.1
  3955.9
579.504
-666.16
-4032.9
4128.31
 649.912
-735.452
-4162.46
 4256.68
 697.446
 -780.24
-4244.33
 4335.76
 721.659
-802.184
-4279.34
 4368.54
 729.223
-808.572
-4286.93
 4374.97
 739.804
-818.659
-4283.86
 4371.53
 734.052
-811.138
-4268.04
 4353.98
 688.898
-757.765
-4157.91
 4235.81
 553.587
-603.551
-3513.79
 3575.26
 529.093
-578.199
-3439.65
 3500.47
  567.96
-628.153
-3946.97
 4016.28
 489.285
-543.865
-3644.32
 3708.94
 459.543
-514.491
-3664.01
 3728.69
 432.945
-485.622
-3611.87
 3674.25
 386.622
-436.212
 -3527.9
 3587.29
 360.738
-413.464
-3486.32
 3548.86
 338.858
-392.389
-3461.33
 3524.57
 325.701
-377.782
-3444.43
 3506.19
 290.269
-338.281
-3367.02
 3424.85
 232.506
-272.872
-3274.14
 3324.29
 191.734
-225.952
-3207.95
 3251.93
 98.0104
-119.718
-3022.98
  3054.6
  10.526
 -15.174
-2290.99
 2308.93
-58.2707
  57.419
-2183.49
 2197.72
-92.0336
 93.8769
 -2124.7
 2136.24
-164.024
 166.026
-2154.69
 2165.17
-260.033
 251.481
-2466.34
 2484.51
 -296.32
 279.445
-2398.07
 2424.71
-309.791
 289.646
-2378.17
 2408.07
-321.602
 300.069
-2277.11
 2308.89
-336.977
 314.804
-2247.86
  2280.3
-348.237
 324.822
-2226.51
  2260.2
-339.017
 314.533
-2158.48
 2193.74
-326.615
  298.25
-2085.09
  2124.8
-349.274
 317.309
-2258.19
 2300.26
-359.466
 323.288
-2384.15
 2429.56
-333.189
 297.717
-2264.65
 2310.35
-304.845
 268.551
-2181.58
 2228.87
-297.618
 262.101
-2231.15
 2277.42
-296.958
 260.596
-2284.97
 2331.78
-286.332
 249.531
-2306.65
 2353.88
-276.898
 240.448
-2328.54
 2375.37
-280.273
 241.682
-2449.74
 2497.97
-289.466
 247.501
-2588.59
 2639.31
-242.521
 207.116
-2273.27
 2319.68
-197.606
 171.018
 -1924.7
 1964.99
 -198.62
  171.75
-1961.94
 2002.28
-222.869
  190.31
-2251.19
 2295.09
-228.102
 193.621
-2343.56
 2388.64
-219.095
 186.071
-2283.74
 2327.84
-219.196
 186.525
-2290.95
 2334.78
-220.559
 187.329
-2329.08
 2373.27
-223.806
 185.714
-2456.24
 2504.44
-219.597
 180.421
-2473.92
 2523.14
-209.923
 170.919
-2472.48
 2521.67
-205.892
 167.979
-2499.28
 2547.27
-214.012
 180.354
-2509.91
 2553.48
-223.297
 193.509
-2502.74
 2542.39
-247.537
 223.268
-2475.07
 2509.06
 -271.06
 246.067
-2463.84
 2498.45
-293.692
 265.856
-2480.85
 2518.01
-300.961
 272.146
-2476.76
 2514.85
-288.565
 262.387
-2280.72
 2317.42
-295.804
 271.142
-2232.17
 2267.57
-306.329
 281.848
-2257.71
 2292.69
-350.866
 322.253
-2466.44
 2503.84
-342.421
 314.229
 -2346.8
 2384.64
-340.857
 307.184
-2359.85
  2403.1
-337.869
 301.626
 -2370.9
  2416.7
-333.019
 296.457
-2390.25
  2436.3
-325.698
 288.999
-2411.25
 2457.39
-313.075
 273.009
 -2439.8
 2489.27
-304.759
 262.762
-2459.28
 2510.65
-288.875
 245.419
-2497.56
 2550.33
-272.666
 229.433
 -2536.9
 2589.38
-262.581
 218.279
-2557.51
 2611.04
 -235.49
 186.391
-2612.79
 2671.06
-199.404
 144.711
-2690.69
 2754.46
-181.879
 126.263
-2729.71
 2794.35
-146.839
 91.6635
-2806.75
 2870.84
-99.8409
 46.9748
-2673.71
 2736.75
-80.7256
 27.4432
-2676.52
 2740.14
-42.1658
-10.8371
-2677.19
 2740.93
  -3.947
-50.5843
-2750.87
 2816.01
 36.2284
 -90.754
-2724.46
 2790.02
 74.7589
-128.477
-2690.41
 2755.89
 93.0616
-145.676
-2630.88
 2695.87
 137.061
-192.343
-2754.92
 2822.21
  208.14
-273.936
-3283.22
 3358.62
 264.061
-333.804
-3552.02
 3630.07
 281.695
-350.344
-3586.69
 3663.81
 309.425
-376.331
-3643.27
 3718.58
 324.884
-392.368
-3674.63
 3750.49
 367.824
-440.043
   -3758
 3838.54
 402.781
-475.792
 -3830.2
 3911.44
 433.458
-505.919
-3897.52
 3978.11
 466.629
-540.612
-3957.77
 4039.85
 491.028
 -567.61
-4005.05
  4089.7
 542.033
-622.843
-4109.55
 4198.32
 596.252
-679.025
-4228.32
 4318.88
 622.712
-706.521
-4287.92
 4379.43
 670.231
-755.246
-4371.69
 4464.37
 703.531
-788.215
-4444.52
 4536.76
 718.622
-800.529
   -4499
 4588.28
 725.055
-806.747
-4530.49
 4619.44
 714.068
-794.142
 -4399.6
  4487.6
 733.119
-815.954
-4435.03
 4525.76
 810.301
 -902.92
-4532.45
 4633.17
 929.854
   -1033
-4719.07
 4830.39
  1063.2
-1170.86
-4945.99
 5061.79
 1199.08
-1310.49
-5175.52
 5295.03
 1252.11
-1363.97
-5263.41
 5383.35
 1308.86
-1416.51
-5336.02
 5451.87
 1358.36
-1465.32
-5405.42
 5520.66
 1382.92
-1490.78
-5440.75
 5556.91
 1454.29
-1566.33
-5551.76
 5672.17
 1553.45
-1671.44
-5711.01
 5837.41
 1700.07
-1826.37
-5952.45
 6087.17
 1777.43
-1907.46
 -6079.6
 6218.06
 1952.74
-2089.44
-6369.75
 6514.88
 2185.72
-2333.31
-6761.38
 6917.38
 1748.88
-1864.36
 -5274.9
 5403.26
 1652.85
-1756.24
-4744.14
 4862.61
 2394.71
-2539.41
-6552.88
 6709.16
 3118.54
-3299.86
-8117.27
 8308.17
 3393.96
-3587.63
-8596.85
 8799.96
 4068.49
-4290.66
-9773.89
 10005.2
  4965.9
-5223.88
-11379.2
 11645.6
 6121.53
-6425.65
-13457.9
 13769.6
 6944.31
-7282.64
-14931.1
 15276.3
 9494.18
-9939.45
-19480.2
 19930.5
 14552.1
-15203.3
-28406.1
 29059.2
 19443.6
-20294.9
-37097.9
 37947.8
 41854.2
-43616.4
-76648.1
 78395.3
 4491.04
-4674.39
-7914.88
 8122.29
 4760.12
-4951.05
-8231.07
 8446.97
 9227.63
-9583.19
  -15403
 15784.9
  -48632
 50462.5
 78641.1
-80457.4
-25316.9
 26249.1
 39820.7
-40739.2
-22692.7
   23523
 35347.2
-36164.4
-18480.4
 19151.2
 28341.4
-28999.2
-13462.4
 13948.7
 20350.7
  -20822
-12377.5
 12822.4
 18568.9
-18998.8
  -10843
 11227.4
 15992.1
-16361.6
-10217.2
 10579.2
 14931.1
-15278.3
  -9661
10004.4
14071.7
 -14400
-8553.03
 8859.08
 12386.8
-12676.8
-10282.6
 10642.8
 14760.5
-15107.6
-10009.9
 10359.7
 14294.8
-14631.6
-9962.88
 10312.7
 14233.9
-14570.5
-8202.22
  8495.7
 11737.1
  -12015
-7581.47
 7855.76
 10880.9
-11138.5
-7488.93
 7760.18
 10757.5
-11011.9
-7382.65
 7648.37
 10587.7
-10836.5
-6256.84
 6480.31
 8939.95
-9145.23
-6230.22
 6451.99
 8882.47
 -9086.1
-6945.52
 7190.14
 9833.95
-10061.8
-6546.33
  6775.3
 9188.97
-9401.09
-6370.78
 6591.57
 8850.91
-9055.14
-6225.51
 6438.73
 8577.15
-8773.99
 -5860.1
 6054.68
 7907.06
-8085.63
-5919.26
 6114.96
 7865.54
-8046.07
-5319.03
 5501.35
 7070.73
-7236.69
-4721.66
 4888.06
 6295.44
-6444.28
-4523.51
 4685.88
 6061.13
 -6205.3
-5329.39
 5520.04
 7201.65
 -7375.3
-5455.25
 5651.22
 7408.82
 -7587.8
-5658.85
 5863.22
 7759.23
-7946.53
-5963.42
 6183.42
 8324.24
 -8526.8
-6420.47
 6664.01
 9186.73
-9412.23
-6736.82
 6993.75
 9754.21
-9992.87
-7500.57
 7790.04
 11153.5
-11423.9
-7806.96
 8114.08
 11942.8
-12229.2
-8204.33
 8528.45
 12708.1
-13010.9
-9234.94
 9601.99
 14644.2
-14988.6
  -10705
 11135.3
 17395.9
-17801.8
  -12349
 12851.6
 20545.8
-21021.5
-13186.9
 13725.4
 22154.3
-22664.7
-5218.93
 5450.89
 8963.25
-9166.79
-8634.04
 9006.19
 15062.7
  -15404
-17465.3
 18198.4
   30956
-31651.1
-21201.2
 22090.7
   37798
-38645.8
-31267.9
 32574.3
   56088
-57343.3
-35224.2
 36697.5
   63411
-64828.9
-33138.8
 34530.6
 59802.5
-61139.8
-33386.3
 34798.4
 60622.8
-61977.9
-37969.8
 39572.5
   68976
-70517.4
-36877.6
 38425.8
 66682.7
-68172.4
-40104.4
 41790.9
 72527.7
-74152.8
-112597
 117396
 207282
-211936
-42563.2
 44453.7
 81303.5
-83105.1
-26872.8
 28102.5
 52341.7
-53499.7
  -28509
   29861
 57943.6
-59206.8
 20606.9
-21569.2
-43723.9
 44657.2
 10818.6
-11330.3
-23945.3
 24448.6
 8933.18
-9360.04
-20257.1
 20678.9
 5796.07
-6074.81
-13877.9
 14158.3
  4289.9
 -4499.2
-10776.9
 10991.4
 3973.93
-4171.81
  -10168
 10371.7
 3540.12
-3723.62
-9315.63
 9505.66
 3309.92
-3486.52
-8861.12
 9044.67
 3548.67
-3743.98
-9612.57
 9812.76
 3194.56
-3369.65
-8718.22
 8899.98
 2813.43
-2966.79
-7788.03
 7949.78
 2686.52
-2835.09
-7496.28
 7653.73
 2680.76
-2830.37
-7493.91
 7652.36
 3554.25
-3759.67
-9938.27
 10146.7
 2827.67
-2988.33
-7861.19
 8029.94
 2589.79
-2737.39
-6988.57
 7147.12
 2900.72
-3067.36
-7671.71
 7848.32
 3765.03
-3977.09
-9528.28
 9747.84
 4257.99
-4488.61
-10336.7
 10574.9
 4545.74
-4787.09
-10825.8
 11074.6
 5033.54
-5291.38
-11647.1
 11912.3
  5259.2
-5520.34
-11989.3
 12258.1
 5361.42
-5624.94
-12144.9
 12416.1
 5650.95
-5925.83
-12644.6
   12927
 6297.93
-6601.86
-13803.8
 14114.8
  7933.4
-8311.81
-16933.1
 17316.2
 9610.75
-10060.5
-20142.4
 20594.4
 5951.01
-6224.64
-12386.2
 12671.8
 5375.46
 -5617.5
-11051.1
 11307.4
 6550.88
-6844.92
  -13328
 13634.4
 7346.47
-7676.24
-14855.7
 15196.6
 9622.94
-10053.4
-19227.9
   19666
 18769.6
-19604.4
-37159.8
 37986.1
 20635.6
-21551.8
-40801.5
 41706.3
 23957.5
-25023.1
-47567.4
 48614.1
 21316.2
-22269.2
-42506.5
 43444.5
   23989
-25059.8
  -47444
   48497
 27417.2
-28638.6
-53939.1
 55137.9
 41188.9
-43010.7
-80099.8
 81879.9
 15764.2
-16443.3
-30054.5
 30737.6
 16495.8
-17201.7
-31187.9
 31898.3
 48182.2
  -50224
-89452.7
   91466
-221221
 230635
 405794
-414957
-181320
 188968
 330069
-337521
-74553.9
 77642.7
  133143
 -136150
-34937.9
 36364.2
 61255.4
  -62636
-24676.3
 25677.8
 42805.4
-43769.6
-18567.8
 19316.6
 31825.8
-32542.1
-16275.5
 16926.7
 27647.3
-28268.1
-13540.1
 14071.9
 22556.3
-23060.9
 -9637.3
 10010.3
 15806.3
-16153.8
-9561.72
 9929.02
 15537.2
-15879.8
-8711.16
 9039.85
 13879.4
-14184.8
-8791.89
 9125.08
 13851.8
-14162.7
-9621.43
 9983.55
 15038.3
-15379.3
-9295.83
 9639.69
 14345.1
-14668.6
-6386.22
 6613.62
  9564.9
-9771.71
-5018.48
 5190.89
 7256.84
-7408.83
-5127.97
 5300.23
  7280.1
-7432.87
-5034.49
 5198.65
 6901.47
-7047.45
-4363.5
4501.62
5787.67
-5907.6
-3767.18
 3880.55
    4817
-4912.06
-3849.84
 3963.12
 4827.77
-4923.49
-4390.12
 4517.63
 5317.12
-5429.51
-4154.43
 4272.44
 4862.61
-4965.83
-4060.03
 4173.88
 4676.36
-4775.61
-3921.71
 4030.52
 4387.61
-4482.16
-3814.38
 3918.86
 4150.63
 -4241.2
-2967.64
 3047.09
 3141.56
-3204.76
-2406.32
 2469.33
 2508.48
-2553.41
-2219.58
 2272.62
 2230.12
-2264.86
 -2449.4
 2506.75
 2374.45
-2415.02
-2757.31
 2821.88
 2624.73
-2674.05
-3750.22
 3837.53
 3450.75
-3527.92
-3733.73
 3827.39
 3393.27
-3476.66
-3874.81
 3978.38
 3511.17
-3605.15
-3994.95
 4101.63
 3614.69
-3712.34
-3758.84
 3859.44
  3392.8
-3483.38
-2037.96
  2095.1
 1827.48
-1866.99
 -2050.5
 2102.14
 1804.35
-1838.59
-2169.61
 2223.33
 1892.89
-1929.84
-2822.58
  2892.2
 2418.98
-2475.28
-3092.82
 3168.92
 2615.54
-2679.85
-3071.62
 3150.66
  2584.8
-2651.88
-3083.49
 3162.37
 2580.77
-2647.82
-3108.97
 3183.51
 2559.27
-2622.35
-2869.94
 2937.82
 2326.07
-2381.52
-2634.38
 2697.95
 2108.54
-2158.68
-2601.71
 2665.24
 2070.16
-2120.17
-2721.53
 2788.11
 2144.49
-2198.28
-2721.22
 2790.15
 2137.79
-2194.03
-2606.99
 2673.76
 2041.99
-2095.46
-2594.36
 2657.68
 2010.13
-2060.22
-2570.26
 2629.66
 1960.05
-2006.29
-2555.27
  2613.4
 1931.66
-1976.65
-2529.64
 2585.35
 1873.89
-1916.55
-2498.96
 2551.25
 1805.25
-1844.58
-2480.09
 2529.96
 1764.25
-1801.23
-2349.21
 2394.51
 1620.64
 -1652.6
-2328.04
 2372.29
  1559.5
-1590.64
-2261.86
 2303.72
 1469.64
 -1498.2
-2235.92
 2276.11
 1427.54
-1454.42
-2167.16
    2203
 1331.46
-1353.91
-2196.09
  2233.1
 1306.12
-1330.17
-2195.01
    2234
 1288.34
-1314.47
-2172.86
 2211.23
 1236.63
-1262.24
-2140.74
 2174.78
 1174.34
-1195.67
-2154.49
 2186.79
 1136.38
-1156.35
-2140.53
 2172.68
 1108.16
   -1128
-2106.68
 2137.78
 1048.01
-1066.81
-2073.99
 2100.89
 982.756
-997.423
-2037.92
 2059.21
 908.879
-918.019
-2019.64
 2038.49
 871.133
-877.866
-1950.17
 1966.69
 785.935
-790.151
-1965.85
 1982.37
 738.165
-742.886
-1943.45
 1963.19
 689.213
-697.163
-1935.05
 1956.96
 668.811
-678.968
-1919.69
 1940.73
 626.154
-635.549
-1910.27
 1929.29
 603.512
-610.917
-1892.94
 1911.63
 564.144
-571.281
-1883.68
 1908.91
 542.551
 -556.27
-1884.01
 1914.11
 530.853
-549.522
-1884.91
 1914.24
 524.169
-542.112
-1820.53
 1847.19
 494.151
-508.952
-1811.41
 1839.47
 481.709
-497.915
-1832.99
 1861.71
 477.968
-495.064
-1815.25
 1844.12
 470.642
-487.798
-1791.41
 1822.47
 462.626
-481.748
-1815.03
 1847.06
 466.652
-486.957
-1814.25
  1843.9
 459.842
-477.807
-1817.55
 1845.84
 456.106
 -472.76
-1828.48
  1855.6
 449.415
-465.061
-1828.75
 1859.63
 447.151
-466.569
-1830.48
 1863.42
 448.663
 -470.15
-1825.41
 1861.74
 454.985
-479.768
-1847.97
 1885.17
 468.847
-494.666
-1809.86
 1844.27
 463.392
-486.053
-1786.38
 1819.77
  458.89
-480.327
-1809.12
 1840.34
 462.145
-481.664
-1813.69
 1841.93
 455.274
-471.855
-1818.43
 1845.55
 446.765
-462.329
-1815.17
 1842.37
  441.24
-456.886
-1809.27
 1834.98
 426.848
-441.039
 -1805.9
 1829.75
 417.051
-429.402
-1794.29
 1813.94
 392.118
-400.294
-1780.59
 1799.15
 367.012
-374.121
-1765.47
 1782.34
 337.015
-342.466
-1750.61
  1761.7
 300.466
-300.199
-1747.66
 1757.96
 283.797
-282.783
-1717.43
 1727.85
 246.409
-245.489
 -1696.1
 1705.06
 210.622
-208.216
-1690.12
 1697.87
 191.779
-188.211
   -1669
 1670.47
 146.129
-136.337
 -1650.3
  1647.2
 98.4789
-84.1926
-1604.15
  1600.2
 73.3622
-57.9832
-1562.51
 1557.79
  27.681
 -11.342
-1568.87
 1563.01
-18.2717
 35.4211
-1569.88
 1561.38
-66.9915
 86.4372
-1561.45
 1551.83
-91.3922
 111.896
-1521.43
 1509.34
-138.214
 161.316
-1496.71
 1481.05
-188.747
   215.4
-1483.74
 1466.09
-215.072
 243.683
-1457.82
 1436.84
 -268.34
 300.222
-1431.32
 1411.05
-318.098
 349.234
-1418.09
 1398.55
-342.511
 372.901
-1392.76
 1370.95
-391.646
  424.27
-1368.23
 1342.31
-442.903
 479.572
-1341.78
 1315.44
-492.382
 529.443
-1316.09
 1290.95
-539.688
 575.517
-1304.65
 1279.33
-563.715
   599.7
-1282.87
 1255.02
-612.995
 651.425
-1260.25
 1227.67
 -666.84
 709.916
-1247.89
 1213.41
-694.233
  739.17
 -1220.3
 1186.14
-746.661
 791.241
-1194.81
 1160.03
-802.119
 847.255
-1177.04
 1137.78
-867.235
 916.639
-1099.75
 1059.09
-846.604
 898.235
 -976.93
 935.857
-821.288
 874.812
-945.752
 904.927
-871.379
 924.665
-1000.28
 958.218
-1011.36
 1064.31
-1060.47
 1016.53
-1125.11
 1178.71
-1048.89
 1003.94
-1213.67
 1267.91
-1020.85
 977.713
-1281.59
 1334.02
-1012.97
 971.364
-1321.19
 1371.93
-1002.88
 964.648
-1402.12
 1449.12
-869.575
 835.689
-1290.08
 1334.63
-823.934
 788.104
-1304.35
 1351.22
-797.608
 760.971
-1304.66
 1352.64
-808.187
 769.943
-1417.53
 1466.34
-836.145
 796.579
-1573.12
 1621.82
-826.636
 787.676
-1607.21
 1655.45
-809.042
 771.582
-1672.58
 1719.08
-792.498
 755.413
-1737.49
 1783.39
 -781.12
 743.992
-1761.77
 1807.69
-686.59
652.196
-1635.6
1680.44
-657.693
 621.129
-1666.94
 1714.05
 -617.92
  582.48
-1665.37
 1711.78
-617.677
 581.428
 -1719.8
 1766.65
-624.783
 584.425
-1866.96
 1916.97
-598.244
 558.036
-1911.24
 1961.11
-573.078
 536.572
-1940.95
 1987.18
-565.918
 529.426
-1974.59
 2020.68
-550.656
  512.64
-2034.08
 2081.47
-502.529
 465.192
-1975.78
 2023.34
-472.301
  434.26
-1981.05
 2029.57
-459.049
 422.377
-1982.45
 2029.74
-467.667
 430.139
 -2140.5
 2187.51
-450.471
 411.314
-2190.81
 2239.43
-417.071
 377.912
-2161.83
 2210.93
-404.681
 366.439
-2159.13
 2207.45
-394.849
 357.962
-2218.86
 2265.57
-394.036
  356.53
 -2271.6
 2318.58
-380.341
   342.7
-2297.22
 2344.35
-371.435
 335.731
-2313.94
 2359.11
-366.651
 333.489
-2324.27
 2366.89
 -365.95
  333.59
-2326.76
 2368.57
-366.992
 336.229
-2327.84
 2368.03
-371.666
 342.637
-2321.93
 2360.38
-377.124
 350.168
 -2313.2
 2349.57
-391.074
 368.214
-2291.04
  2323.3
-408.806
 388.282
-2263.14
 2293.06
-428.491
 409.767
-2231.43
 2259.55
-438.401
 420.899
-2208.89
 2235.82
-458.123
 442.822
-2164.74
 2189.53
-476.573
 461.098
-2124.74
 2149.77
-493.122
 477.806
-2087.54
 2112.47
-499.777
 483.946
-2071.27
 2096.74
-513.785
 497.959
-2038.33
 2063.86
-526.493
 511.501
-2008.35
 2033.11
-532.608
   517.6
-1994.05
 2018.85
-532.459
 518.258
 -1925.5
  1949.9
-549.688
 535.595
-1919.92
 1944.03
-558.184
 548.141
-1868.22
 1888.54
-562.292
 552.977
-1847.84
 1867.51
-576.059
 564.316
-1830.69
 1852.75
 -587.17
 575.755
-1806.44
  1828.2
-591.521
 580.979
-1791.11
 1812.04
-594.928
  585.25
-1747.87
 1768.17
-616.438
 606.106
-1758.86
 1779.52
-626.263
 616.289
-1737.67
 1757.99
-631.044
 621.581
-1726.05
 1745.88
-640.119
 631.833
 -1700.9
 1719.61
-673.699
 664.637
 -1739.2
 1758.07
-707.719
  697.46
-1800.88
 1820.26
-690.826
 682.133
-1712.08
 1730.68
-677.803
 671.532
-1631.99
 1648.75
-681.055
 675.878
 -1615.5
 1631.21
-715.569
 710.279
-1645.63
 1660.87
-749.658
 742.417
-1678.99
 1695.75
-693.695
 688.451
-1516.65
 1532.91
-692.874
 688.381
-1497.54
 1513.17
-670.739
  666.71
-1420.41
 1436.28
-708.514
 703.358
-1469.78
  1486.1
-791.806
 784.533
-1608.26
 1624.83
-773.518
 767.944
-1553.74
 1569.32
-753.097
 748.131
-1485.58
 1501.14
-758.509
  751.96
-1471.33
  1488.5
-767.018
 760.435
-1468.57
  1485.7
 -768.76
 759.957
-1468.75
 1488.09
-764.754
 750.762
-1463.47
 1488.07
-751.641
 735.561
 -1451.2
 1478.12
-766.063
  749.48
-1486.51
 1513.53
-775.904
  758.85
 -1523.2
 1550.41
-770.319
  750.57
-1537.06
 1566.95
 -763.37
  741.37
-1554.32
 1586.44
-759.487
 737.328
-1563.17
 1595.43
-750.843
 728.036
-1582.98
 1615.87
 -739.63
 713.572
-1607.75
 1643.86
-732.495
 704.274
-1622.91
 1661.18
-716.65
685.254
-1655.9
1697.32
-699.871
 668.638
-1689.87
 1731.09
-681.31
648.709
-1725.1
1767.67
-670.691
 636.452
-1745.65
 1789.84
-646.367
 607.278
-1793.59
  1842.6
-620.525
 580.132
-1843.75
 1894.03
-594.074
 554.008
-1893.52
 1943.44
-580.672
 540.527
-1917.29
 1967.28
-558.028
 520.529
-1952.07
 1999.43
-541.327
 509.019
-1976.24
 2018.43
-534.554
 503.253
-1986.16
 2027.35
-522.589
 491.686
-2003.44
 2044.25
-513.399
 483.807
-2013.68
 2053.21
-511.401
 484.058
-2013.89
 2051.18
-506.533
 480.902
-2017.52
 2053.12
-503.279
 476.909
-2019.72
 2056.09
-483.683
 458.438
-1959.65
 1995.46
-482.068
 457.328
-1956.55
 1991.89
-471.878
 451.014
 -1906.1
 1937.95
-476.673
 456.482
-1913.16
 1944.27
-444.864
 426.675
-1771.91
 1801.95
-448.268
 431.014
-1773.55
 1802.78
-437.944
 425.751
-1692.78
 1717.58
-426.121
 417.045
-1622.32
 1644.53
-434.878
 426.671
-1605.17
  1626.6
-490.709
 478.565
-1754.55
 1778.32
-550.258
 533.895
-1919.85
 1946.18
-520.792
 506.571
-1777.97
 1803.42
-515.421
 502.248
-1742.17
 1766.87
-556.223
  540.66
-1842.31
 1868.24
-560.514
 543.926
-1830.33
 1857.46
-538.644
 523.908
-1731.99
 1758.05
-533.579
  520.07
-1703.31
 1728.37
-557.359
 542.937
-1751.21
 1776.67
-572.021
 557.198
-1780.82
  1806.3
-578.537
 564.633
 -1769.6
 1794.19
-582.474
 569.199
-1747.66
 1771.72
-603.928
  590.57
-1776.34
 1800.05
-625.594
  611.69
 -1819.6
 1843.39
-603.059
 591.479
-1718.36
 1740.71
-584.061
 574.743
 -1626.6
 1647.41
-563.639
 556.601
-1534.64
 1553.95
-570.231
 562.995
-1535.08
 1554.51
 -632.35
 622.156
-1663.98
 1684.79
-647.196
 637.109
-1667.35
 1688.06
 -625.57
 617.393
-1578.75
  1598.3
-622.207
 614.626
-1553.96
 1573.09
 -667.72
 658.569
-1632.61
 1652.37
-696.078
  686.12
-1667.94
 1687.94
-701.023
 691.668
-1659.97
 1679.45
 -714.71
 708.814
-1645.38
 1661.35
-731.632
 726.707
-1634.77
 1649.68
-740.821
 735.888
-1630.42
 1645.28
-725.322
 722.172
-1548.86
 1562.58
-744.122
 743.855
-1532.86
 1543.59
-764.662
 766.618
-1516.36
 1524.73
-773.577
 775.116
-1506.39
 1515.18
-745.982
  746.61
-1407.46
 1417.96
-740.081
 737.098
-1366.26
 1380.76
-761.215
 755.805
-1394.51
 1411.08
-775.264
 768.905
-1401.71
 1419.03
-787.963
 780.702
-1412.98
 1430.99
-793.908
 780.151
-1429.12
 1453.52
-801.866
 784.471
-1458.84
 1486.59
-807.856
 790.993
 -1478.9
 1505.94
-792.622
 776.528
-1467.88
 1494.39
-783.121
 768.444
-1460.93
 1486.16
-784.391
 771.438
-1464.67
 1488.14
-787.232
 778.581
-1462.16
 1481.29
-789.711
 783.384
-1451.38
 1468.21
 -790.96
 785.741
-1431.12
 1446.96
-795.119
 791.855
   -1423
 1436.88
 -805.12
 806.744
-1402.35
 1411.36
-816.521
 821.247
-1375.39
 1381.34
-821.679
 826.496
-1361.91
 1367.78
-830.968
 832.529
-1341.16
 1350.33
-837.052
 833.969
-1326.96
 1340.81
-838.904
 834.321
 -1315.6
    1331
 -843.45
  838.01
-1317.36
 1333.55
-850.048
 843.863
-1318.96
 1335.84
-827.678
  821.99
-1277.16
 1294.01
-793.869
 789.402
 -1218.8
 1235.12
-781.428
 776.445
-1198.36
 1215.44
-792.818
 786.153
-1213.25
 1231.85
-815.108
 808.198
-1246.57
 1264.82
-780.602
 772.131
 -1198.6
 1219.11
-764.361
 754.169
-1178.88
 1201.47
-735.827
 723.637
 -1148.4
 1173.49
-772.603
 759.971
-1222.54
  1247.1
-820.358
 806.616
 -1307.3
 1332.01
-845.844
  826.79
-1378.27
 1407.55
-840.033
  816.49
-1406.45
 1440.29
-837.884
 813.831
-1424.77
 1459.05
-835.407
  810.78
-1467.33
 1501.97
-750.578
 728.073
-1359.24
 1393.24
-703.115
 681.941
-1293.17
 1326.68
-648.699
 628.096
-1231.91
 1265.78
-645.553
 624.525
-1267.44
  1301.6
-658.339
 636.224
-1336.93
 1371.44
-631.985
 610.469
-1304.16
 1338.41
-598.255
 577.929
-1274.62
 1308.47
-573.767
 554.009
 -1261.9
 1295.51
 -582.21
 561.751
-1301.34
 1335.35
-638.317
  614.47
-1475.27
 1510.88
-739.249
 708.156
-1778.75
 1818.53
-731.692
 692.901
-1858.65
 1906.17
-731.255
 690.837
-1910.95
 1959.82
-719.766
 679.365
-1993.62
 2042.11
-583.556
 548.509
-1713.29
 1759.39
-528.675
 495.265
-1600.34
    1646
-484.446
 450.945
-1567.31
 1613.71
-485.189
 448.398
-1692.74
 1741.66
-508.862
 466.732
-1930.21
 1982.61
-495.521
 453.466
-1954.46
 2006.95
-474.706
 437.206
-1994.71
 2042.61
 -460.04
 425.855
-2030.99
 2075.51
-448.801
 415.374
-2064.55
 2108.23
-421.449
 389.573
-1981.59
 2024.47
-383.355
 353.727
-1873.19
 1914.83
-370.636
 344.197
-1861.93
 1900.62
-378.868
 351.628
-1928.88
 1967.81
-409.974
 378.113
-2139.02
 2180.96
-396.825
 363.039
-2150.68
 2194.71
-388.214
  351.62
 -2168.4
 2215.22
-371.628
 331.185
-2214.68
 2265.26
-356.692
  316.74
-2268.13
 2318.06
-320.612
 284.241
-2162.84
 2210.15
  -314.4
 277.633
-2187.74
 2235.36
-298.794
 260.141
-2229.84
 2279.26
-291.525
 251.144
 -2328.4
 2379.03
-251.533
 217.313
-2068.96
 2115.35
-200.311
  169.78
-1798.55
 1843.42
-201.272
 163.743
-2023.21
 2073.73
-229.555
 181.153
-2601.34
 2658.81
-222.871
 175.932
-2638.46
 2694.54
-203.148
 159.716
-2606.77
 2659.72
-157.622
 123.436
-2180.79
 2227.48
-143.254
 111.397
-2110.21
 2155.16
-143.039
 110.458
-2166.04
 2211.39
-154.397
 115.584
-2471.13
 2520.65
-147.121
 112.155
-2387.12
 2433.27
-133.963
 105.232
-2174.37
 2215.87
-132.045
 106.783
-2085.13
 2123.73
 -147.84
 119.767
-2233.93
 2274.14
-162.596
 131.009
-2402.17
 2444.77
 -172.87
 137.894
-2508.15
 2553.34
-179.066
 145.096
-2500.09
 2544.39
-191.027
 160.385
-2483.91
 2524.86
-198.875
 169.767
-2473.25
 2512.66
-205.743
 179.794
-2356.96
 2393.83
-206.305
 182.192
-2209.08
 2245.01
-209.664
 186.689
-2164.26
 2199.28
-231.605
 207.578
-2237.43
 2272.85
-231.095
 209.594
-2099.52
 2132.99
-241.577
  222.21
-2055.37
 2087.07
-240.434
 223.269
-1976.25
 2006.29
-244.771
 229.765
-1888.18
 1916.56
-277.937
 258.808
-2022.62
  2053.8
-306.782
 283.508
-2147.77
 2182.09
-309.005
 284.824
-2134.62
 2169.98
 -312.15
 289.338
-2086.48
 2120.75
-350.744
 325.604
-2261.64
  2296.8
-377.837
 349.624
-2395.99
 2433.15
-340.701
 315.898
-2126.46
 2162.24
-314.317
 291.635
-1942.32
 1977.32
 -311.66
 289.983
-1913.58
 1947.78
-331.646
 307.561
-2020.76
 2056.52
-371.952
 342.126
-2255.92
 2295.41
-343.723
 314.969
-2109.82
 2149.59
-340.978
 311.977
-2102.15
 2142.23
-335.219
 305.665
-2107.13
 2147.78
-323.636
 289.314
-2132.59
 2177.97
 -305.63
 266.723
-2166.54
 2216.48
-295.931
 256.695
 -2177.2
 2227.51
-275.106
 237.426
 -2183.4
 2232.32
-260.346
 221.959
-2233.49
 2282.95
-250.243
 210.717
-2255.11
 2305.67
-228.693
 186.577
-2293.59
 2346.73
-207.048
 165.361
-2317.76
 2370.53
-193.599
 153.292
-2369.73
 2420.93
-191.521
 153.368
-2385.62
 2434.59
-186.506
 151.144
-2406.09
 2452.19
-181.999
 145.193
-2421.29
  2468.8
-179.789
 143.941
-2430.06
 2476.58
-175.717
 139.317
-2438.83
 2485.89
-157.503
 114.335
-2477.56
 2531.35
-128.544
 78.8467
-2536.39
 2596.66
-93.5702
 41.2388
 -2602.8
 2665.65
-73.0698
  19.184
-2640.86
 2705.24
-30.6706
-25.9715
-2723.56
 2790.63
 -10.222
-46.7737
 -2761.9
 2829.31
 29.9027
-86.6003
-2837.28
 2904.34
 85.0267
-147.373
-2941.46
 3014.11
 119.323
-185.748
-3005.65
 3082.34
  199.37
-272.438
-3154.24
 3237.49
 290.806
-368.259
-3321.88
 3409.44
 382.124
-461.214
 -3487.4
 3576.51
  429.11
-509.084
-3573.19
 3663.14
  533.74
-618.008
-3764.85
    3859
 655.312
-746.003
-3951.82
 4052.48
 784.874
-880.413
-4116.91
 4222.72
 874.467
 -974.23
-4302.59
  4412.4
 1061.35
-1168.39
-4698.74
 4815.33
 1224.86
-1337.96
-4949.97
  5072.7
 1519.11
-1648.96
-5608.53
 5747.15
 1632.81
-1766.42
-5788.04
 5930.39
 1879.88
-2019.48
 -6183.6
 6331.94
 2348.76
-2511.49
-7170.37
  7340.7
 2859.95
-3045.68
-8112.92
 8305.72
 3171.67
 -3370.7
-8683.11
 8888.91
  3969.2
-4201.96
-10139.9
 10378.6
 3603.23
-3803.42
 -8645.3
 8856.67
 3995.39
-4210.56
-9284.96
  9511.4
 5322.38
-5592.67
-11613.4
 11894.3
 18593.3
-19470.1
-38179.6
 39040.3
 113725
-118759
-219160
 224044
-86630.5
 90342.8
  161715
 -165296
-18218.2
 18941.7
 31714.5
-32402.7
-15838.9
 16420.1
 25535.8
-26094.8
-18836.7
 19506.1
 29223.1
-29877.7
-9886.58
 10206.8
 14227.6
-14533.9
-7312.54
 7530.76
 9800.31
-10005.5
-6110.13
 6281.47
 7676.84
-7835.86
-5636.59
 5790.45
 6875.03
-7016.68
-4920.18
 5046.98
 5654.83
-5769.63
-5007.11
 5126.15
 5389.49
-5498.97
-4456.14
 4552.61
 4491.41
-4578.15
-4296.74
 4387.61
 4199.78
-4281.09
-4060.72
 4141.54
 3723.51
-3795.27
-3841.69
 3910.89
 3291.86
-3352.39
-3176.79
 3228.45
 2552.59
-2593.46
-3109.38
  3159.5
  2423.6
-2463.03
-2808.67
 2852.61
 2066.71
-2099.12
-2680.21
 2723.08
 1874.65
-1905.87
-2690.77
 2734.35
 1837.48
-1869.75
-2851.41
 2896.06
 1851.47
-1886.35
-2781.24
 2820.12
 1705.65
-1734.86
-2751.87
 2787.55
 1633.86
   -1660
-2684.55
 2711.97
 1476.57
-1494.71
   -2267
 2280.63
 1140.27
-1142.53
-2000.57
 2008.44
 961.098
-956.025
-1914.14
 1918.57
 831.292
-822.729
-2148.79
 2154.26
 833.589
-828.523
-2238.78
 2245.29
 773.613
-770.627
 -2220.9
 2227.59
 724.791
-722.104
-2197.07
 2207.04
 645.478
-646.312
-2134.17
 2148.38
 571.691
 -576.59
-2091.34
 2106.92
 537.283
-543.339
-2070.14
 2089.21
 495.148
-504.748
-2024.76
 2045.86
 454.733
-466.163
-1921.54
 1939.13
 400.621
-407.847
-1920.48
 1934.28
 363.433
-367.081
-1923.29
  1937.3
 346.969
-350.956
-1890.58
  1904.2
 306.493
-310.002
-1878.65
 1889.11
 266.445
-266.914
-1874.12
 1884.46
 248.603
-249.006
-1866.87
 1880.71
  218.64
-222.648
 -1839.2
 1855.03
 191.117
-197.043
-1823.31
 1838.47
  177.04
-182.228
-1832.93
 1847.89
 156.196
-161.396
-1818.77
 1835.08
 134.408
-140.946
-1804.53
 1817.96
 110.414
-114.069
-1797.66
 1810.41
 98.5394
-101.519
-1785.09
 1798.94
 77.5624
-81.6299
-1757.71
 1774.61
 61.9825
-68.9459
-1792.51
 1811.43
 58.0625
-67.4105
-1779.24
 1801.66
 53.3446
 -66.085
-1765.69
 1790.35
 52.8112
-67.6717
-1764.61
 1790.25
 55.7428
-71.5622
-1767.34
 1794.41
 59.0512
-76.3025
-1688.63
 1717.48
  64.839
-83.1083
-1702.18
 1730.89
 68.7388
-86.9669
-1722.03
 1748.43
 73.5128
-89.5718
-1736.28
 1758.37
 70.4252
-82.3268
-1734.51
 1752.96
 61.1222
-69.4161
-1719.56
 1734.17
 44.2223
-48.6333
-1711.71
 1724.01
 33.7279
-35.8147
-1806.16
 1816.71
 10.8183
-12.2651
-1811.78
 1825.04
-8.51058
 4.25883
-1757.13
 1771.53
 -15.599
 10.6946
-1699.28
 1711.29
 -34.289
 32.1503
-1689.47
 1699.45
-53.1147
 53.0563
-1682.64
 1693.19
-62.0012
 61.3982
-1673.15
 1685.19
-77.9388
 75.8299
-1668.15
 1679.17
-95.5812
 94.4291
-1656.49
 1664.06
-115.722
 118.025
-1652.11
 1659.58
-125.432
 127.818
-1605.85
 1614.86
-139.694
 140.907
-1579.17
 1591.22
-150.139
 148.513
-1584.83
    1598
-161.747
  158.86
-1580.96
 1593.09
-167.624
 165.782
-1645.94
 1656.76
-188.208
 186.834
-1706.83
 1717.89
-203.084
  200.78
-1710.75
 1722.74
-215.537
 212.321
-1655.09
 1670.65
-213.762
 207.492
 -1618.6
 1634.59
-213.836
 207.469
-1614.39
 1629.53
-217.698
 212.221
-1618.53
 1633.95
 -220.01
 214.197
-1510.18
 1527.79
 -204.59
  197.66
-1439.81
 1459.87
-191.319
 182.694
-1483.13
 1503.81
-195.331
 185.749
